0.1 3.0 0.0 3.0 0.0
0.1 2.997098804034374 0.13190435495359473 3.0 0.0
0.1 2.9884008274295173 0.2635535896522295 3.0 0.0
0.1 2.9739228932085195 0.39469307727684744 3.0 0.0
0.1 2.953693003587616 0.5250691769258282 3.0 0.0
0.1 2.9277502858162423 0.6544297241896276 3.0 0.0
0.1 2.8961449164998214 0.7825245188696908 3.0 0.0
0.1 2.8589380245516565 0.9091058088983219 3.0 0.0
0.1 2.816201572961622 1.033928769523551 3.0 0.0
0.1 2.7680182196103447 1.1567519768321894 3.0 0.0
0.1 2.7144811573980587 1.277337874695218 3.0 0.0
0.1 2.655693933997366 1.3954532342323747 3.0 0.0
0.1 2.591770251578506 1.5108696049072825 3.0 0.0
0.1 2.5228337468945075 1.623363756380627 3.0 0.0
0.1 2.449017752151552 1.7327181102668026 3.0 0.0
0.1 2.370465037127071 1.8387211609589293 3.0 0.0
0.1 2.287327533034343 1.941167884708333 3.0 0.0
0.1 2.19976603866768 2.039860136167258 3.0 0.0
0.1 2.107949909396547 2.1346070316278563 3.0 0.0
0.1 2.0120567296101597 2.225225318216218 3.0 0.0
0.1 1.9122719692460688 2.311539728327368 3.0 0.0
0.1 1.8087886250670735 2.3933833186157134 3.0 0.0
0.1 1.701806847380269 2.4705977928852825 3.0 0.0
0.1 1.5915335529202015 2.54303380825525 3.0 0.0
0.1 1.4781820246448736 2.6105512640085777 3.0 0.0
0.1 1.3619714992186394 2.673019572565104 3.0 0.0
0.1 1.2431267429798516 2.7303179120549874 3.0 0.0
0.1 1.1218776172134004 2.782335460003984 3.0 0.0
0.1 0.9984586335689594 2.828971607678594 3.0 0.0
0.1 0.8731085004848147 2.8701361546764916 3.0 0.0
0.1 0.7460696614945637 2.9057494833858937 3.0 0.0
0.1 0.6175878263096427 2.9357427129764164 3.0 0.0
0.1 0.48791149558464986 2.9600578326236047 3.0 0.0
0.1 0.3572914802846071 2.978647813709441 3.0 0.0
0.1 0.22598041658379692 2.991476700781842 3.0 0.0
0.1 0.09423227723438318 2.9985196810971946 3.0 0.0
0.1 -0.037698119650059286 2.9997631326114482 3.0 0.0
0.1 -0.1695556034460755 2.995204650326925 3.0 0.0
0.1 -0.30108514455364566 2.9848530509439004 3.0 0.0
0.1 -0.43203234765675924 2.9687283558079525 3.0 0.0
0.1 -0.5621439437571758 2.9468617521860656 3.0 0.0
0.1 -0.691168280029774 2.9192955329463794 3.0 0.0
0.1 -0.8188558065519784 2.886083014758257 3.0 0.0
0.1 -0.9449595589659168 2.8472884349708827 3.0 0.0
0.1 -1.0692356361397544 2.8029868273698355 3.0 0.0
0.1 -1.1914436719043437 2.7532638770519426 3.0 0.0
0.1 -1.3113472999528017 2.6982157546991115 3.0 0.0
0.1 -1.42871461100382 2.6379489305716675 3.0 0.0
0.1 -1.543318601344522 2.572579968580955 3.0 0.0
0.1 -1.6549376118852939 2.5022353008395113 3.0 0.0
0.1 -1.7633557568774214 2.427050983124841 3.0 0.0
0.1 -1.8683633414643404 2.347172431729762 3.0 0.0
0.1 -1.969757267258871 2.26275414220831 3.0 0.0
0.1 -2.0673414251620477 2.1739593905611376 3.0 0.0
0.1 -2.160927074663723 2.080959917438413 3.0 0.0
0.1 -2.250333208891381 1.9839355959709524 3.0 0.0
0.1 -2.3353869047010716 1.8830740838720994 3.0 0.0
0.1 -2.415923657133368 1.778570460483175 3.0 0.0
0.1 -2.4917876975874407 1.6706268494645602 3.0 0.0
0.1 -2.5628322950978877 1.5594520278621247 3.0 0.0
0.1 -2.628920040131592 1.4452610223051434 3.0 0.0
0.1 -2.6899231103557093 1.3282746931167009 3.0 0.0
0.1 -2.7457235178627544 1.2087193071409832 3.0 0.0
0.1 -2.796213337374634 1.086826100113635 3.0 0.0
0.1 -2.8412949149842346 0.9628308294216239 3.0 0.0
0.1 -2.8808810570308303 0.8369733181176835 3.0 0.0
0.1 -2.914895198744023 0.7094969910711699 3.0 0.0
0.1 -2.9432715523300033 0.5806484041525756 3.0 0.0
0.1 -2.9659552342137427 0.45067676736226736 3.0 0.0
0.1 -2.982902371190997 0.31983346282577485 3.0 0.0
0.1 -2.994080185284815 0.18837155858793542 3.0 0.0
0.1 -2.9994670571424273 0.05654531914622005 3.0 0.0
0.1 -2.9990525678499 -0.07539028633001671 3.0 0.0
0.1 -2.9928375190836753 -0.20718007714322276 3.0 0.0
0.1 -2.9808339315600243 -0.33856915462045156 3.0 0.0
0.1 -2.9630650217854124 -0.46930339512069874 3.0 0.0
0.1 -2.9395651571527397 -0.5991299415432256 3.0 0.0
0.1 -2.9103797894703165 -0.7277976923862266 3.0 0.0
0.1 -2.8755653670521264 -0.8550577874099339 3.0 0.0
0.1 -2.8351892255394127 -0.9806640889648326 3.0 0.0
0.1 -2.789329457664752 -1.10437365805404 3.0 0.0
0.1 -2.738074762210506 -1.225947224209053 3.0 0.0
0.1 -2.681524272453789 -1.3451496482701022 3.0 0.0
0.1 -2.619787364429757 -1.4617503771760032 3.0 0.0
0.1 -2.5529834453840725 -1.575523889883892 3.0 0.0
0.1 -2.4812417228236807 -1.6862501335563984 3.0 0.0
0.1 -2.404700954612625 -1.7937149491725628 3.0 0.0
0.1 -2.3235091805961976 -1.8977104857393783 3.0 0.0
0.1 -2.237823436272542 -1.9980356023027595 3.0 0.0
0.1 -2.1478094490654884 -2.094496256980423 3.0 0.0
0.1 -2.053641317786061 -2.1869058822642393 3.0 0.0
0.1 -1.955501175902631 -2.27508574586617 3.0 0.0
0.1 -1.853578839270998 -2.358865296409861 3.0 0.0
0.1 -1.7480714390057206 -2.4380824932992873 3.0 0.0
0.1 -1.6391830402028 -2.51258412012643 3.0 0.0
0.1 -1.527124247251109 -2.582226081011834 3.0 0.0
0.1 -1.4121117964959926 -2.6468736793048624 3.0 0.0
0.1 -1.2943681370428695 -2.7064018781046117 3.0 0.0
0.1 -1.1741210005115974 -2.760695542097615 3.0 0.0
0.1 -1.0516029605737673 -2.8096496602445806 3.0 0.0
0.1 -0.9270509831248352 -2.8531695488854627 3.0 0.0
0.1 -0.8007059679611197 -2.8911710348700312 3.0 0.0
0.1 -0.6728122828481341 -2.9235806183597335 3.0 0.0
0.1 -0.5436172908814053 -2.95033561498599 3.0 0.0
0.1 -0.413370872053905 -2.971384277089955 3.0 0.0
0.1 -0.2823249399555339 -2.986685893809241 3.0 0.0
0.1 -0.15073295453929986 -2.996210869818053 3.0 0.0
0.1 -0.018849431896665575 -2.9999407825684115 3.0 0.0
0.1 0.113070548009812 -2.9978684179217674 3.0 0.0
0.1 0.24477183470448083 -2.989997784102089 3.0 0.0
0.1 0.3759997006929206 -2.9763441039434326 3.0 0.0
0.1 0.5065003341382118 -2.9569337854469926 3.0 0.0
0.1 0.6360213297661739 -2.931804370704578 3.0 0.0
0.1 0.7643121770501562 -2.9010044632873027 3.0 0.0
0.1 0.8911247447311141 -2.8645936342399256 3.0 0.0
0.1 1.0162137607358832 -2.822642306862673 3.0 0.0
0.1 1.1393372865654143 -2.7752316205033694 3.0 0.0
0.1 1.2602571852354272 -2.722453273623347 3.0 0.0
0.1 1.3787395818644714 -2.6644093464406295 3.0 0.0
0.1 1.49455531601848 -2.6012121034934657 3.0 0.0
0.1 1.6074803849369994 -2.5329837765060392 3.0 0.0
0.1 1.7172963767837817 -2.459856327976351 3.0 0.0
0.1 1.823790893083825 -2.3819711959434997 3.0 0.0
0.1 1.9267579595297613 -2.299479020428043 3.0 0.0
0.1 2.0259984243630806 -2.212539352074515 3.0 0.0
0.1 2.1213203435596513 -2.121320343559634 3.0 0.0
0.1 2.2125393520745282 -2.025998424363066 3.0 0.0
0.1 2.2994790204280555 -1.926757959529746 3.0 0.0
0.1 2.3819711959435117 -1.823790893083809 3.0 0.0
0.1 2.4598563279763637 -1.717296376783763 3.0 0.0
0.1 2.5329837765060517 -1.6074803849369799 3.0 0.0
0.1 2.601212103493477 -1.4945553160184604 3.0 0.0
0.1 2.66440934644064 -1.3787395818644512 3.0 0.0
0.1 2.7224532736233553 -1.2602571852354088 3.0 0.0
0.1 2.7752316205033782 -1.1393372865653935 3.0 0.0
0.1 2.8226423068626803 -1.0162137607358643 3.0 0.0
0.1 2.8645936342399327 -0.8911247447310924 3.0 0.0
0.1 2.9010044632873084 -0.7643121770501342 3.0 0.0
0.1 2.931804370704583 -0.6360213297661517 3.0 0.0
0.1 2.9569337854469966 -0.5065003341381868 3.0 0.0
0.1 2.9763441039434353 -0.3759997006928981 3.0 0.0
0.1 2.989997784102091 -0.24477183470445818 3.0 0.0
0.1 2.9978684179217683 -0.113070548009792 3.0 0.0
0.1 2.9999407825684115 0.018849431896689844 3.0 0.0
0.1 2.996210869818052 0.15073295453932217 3.0 0.0
0.1 2.9866858938092387 0.2823249399555569 3.0 0.0
0.1 2.9713842770899515 0.41337087205392864 3.0 0.0
0.1 2.950335614985986 0.543617290881427 3.0 0.0
0.1 2.923580618359728 0.6728122828481587 3.0 0.0
0.1 2.891171034870026 0.800705967961139 3.0 0.0
0.1 2.8531695488854565 0.927050983124855 3.0 0.0
0.1 2.809649660244572 1.05160296057379 3.0 0.0
0.1 2.7606955420976056 1.1741210005116205 3.0 0.0
0.1 2.706401878104602 1.2943681370428903 3.0 0.0
0.1 2.6468736793048526 1.4121117964960113 3.0 0.0
0.1 2.582226081011823 1.5271242472511277 3.0 0.0
0.1 2.512584120126416 1.6391830402028214 3.0 0.0
0.1 2.4380824932992717 1.748071439005742 3.0 0.0
0.1 2.3588652964098475 1.8535788392710142 3.0 0.0
0.1 2.275085745866156 1.9555011759026475 3.0 0.0
0.1 2.1869058822642238 2.0536413177860773 3.0 0.0
0.1 2.0944962569804066 2.1478094490655044 3.0 0.0
0.1 1.9980356023027424 2.2378234362725578 3.0 0.0
0.1 1.8977104857393603 2.3235091805962123 3.0 0.0
0.1 1.7937149491725424 2.40470095461264 3.0 0.0
0.1 1.6862501335563798 2.481241722823694 3.0 0.0
0.1 1.5755238898838742 2.5529834453840836 3.0 0.0
0.1 1.4617503771759832 2.6197873644297682 3.0 0.0
0.1 1.3451496482700824 2.6815242724537987 3.0 0.0
0.1 1.2259472242090321 2.7380747622105153 3.0 0.0
0.1 1.1043736580540175 2.7893294576647607 3.0 0.0
0.1 0.9806640889648104 2.8351892255394207 3.0 0.0
0.1 0.8550577874099113 2.8755653670521326 3.0 0.0
0.1 0.727797692386204 2.910379789470322 3.0 0.0
0.1 0.5991299415432053 2.939565157152744 3.0 0.0
0.1 0.4693033951206763 2.9630650217854155 3.0 0.0
0.1 0.33856915462042825 2.980833931560027 3.0 0.0
0.1 0.20718007714320008 2.9928375190836767 3.0 0.0
0.1 0.07539028632999395 2.9990525678499003 3.0 0.0
0.1 -0.05654531914624347 2.9994670571424265 3.0 0.0
0.1 -0.18837155858795882 2.9940801852848136 3.0 0.0
0.1 -0.3198334628257955 2.982902371190995 3.0 0.0
0.1 -0.45067676736228723 2.9659552342137396 3.0 0.0
0.1 -0.5806484041525986 2.943271552329999 3.0 0.0
0.1 -0.7094969910711915 2.9148951987440177 3.0 0.0
0.1 -0.8369733181177053 2.880881057030824 3.0 0.0
0.1 -0.9628308294216463 2.8412949149842266 3.0 0.0
0.1 -1.086826100113655 2.796213337374626 3.0 0.0
0.1 -1.2087193071410065 2.7457235178627446 3.0 0.0
0.1 -1.328274693116723 2.689923110355698 3.0 0.0
0.1 -1.4452610223051614 2.628920040131582 3.0 0.0
0.1 -1.5594520278621435 2.5628322950978766 3.0 0.0
0.1 -1.6706268494645795 2.4917876975874274 3.0 0.0
0.1 -1.7785704604831936 2.415923657133354 3.0 0.0
0.1 -1.8830740838721167 2.335386904701058 3.0 0.0
0.1 -1.983935595970971 2.250333208891365 3.0 0.0
0.1 -2.0809599174384297 2.1609270746637064 3.0 0.0
0.1 -2.1739593905611523 2.0673414251620326 3.0 0.0
0.1 -2.262754142208324 1.9697572672588552 3.0 0.0
0.1 -2.347172431729777 1.8683633414643221 3.0 0.0
0.1 -2.427050983124852 1.7633557568774059 3.0 0.0
0.1 -2.5022353008395215 1.6549376118852788 3.0 0.0
0.1 -2.5725799685809627 1.5433186013445095 3.0 0.0
0.1 -2.637948930571673 1.42871461100381 3.0 0.0
0.1 -2.6982157546991155 1.3113472999527938 3.0 0.0
0.1 -2.7532638770519444 1.1914436719043393 3.0 0.0
0.1 -2.802986827369836 1.0692356361397524 3.0 0.0
0.1 -2.8472884349708827 0.9449595589659173 3.0 0.0
0.1 -2.886083014758256 0.8188558065519815 3.0 0.0
0.1 -2.9192955329463777 0.6911682800297805 3.0 0.0
0.1 -2.946861752186064 0.5621439437571855 3.0 0.0
0.1 -2.9687283558079507 0.432032347656771 3.0 0.0
0.1 -2.984853050943899 0.30108514455366214 3.0 0.0
0.1 -2.995204650326924 0.16955560344609266 3.0 0.0
0.1 -2.999763132611448 0.037698119650079825 3.0 0.0
0.1 -2.9985196810971955 -0.09423227723436 3.0 0.0
0.1 -2.991476700781844 -0.22598041658376916 3.0 0.0
0.1 -2.9786478137094448 -0.3572914802845788 3.0 0.0
0.1 -2.96005783262361 -0.48791149558461644 3.0 0.0
0.1 -2.935742712976424 -0.6175878263096084 3.0 0.0
0.1 -2.9057494833859034 -0.746069661494525 3.0 0.0
0.1 -2.8701361546765036 -0.8731085004847752 3.0 0.0
0.1 -2.8289716076786084 -0.9984586335689174 3.0 0.0
0.1 -2.782335460004002 -1.1218776172133569 3.0 0.0
0.1 -2.730317912055008 -1.243126742979806 3.0 0.0
0.1 -2.673019572565128 -1.3619714992185925 3.0 0.0
0.1 -2.610551264008605 -1.4781820246448254 3.0 0.0
0.1 -2.5430338082552812 -1.591533552920152 3.0 0.0
0.1 -2.4705977928853176 -1.7018068473802184 3.0 0.0
0.1 -2.3933833186157525 -1.808788625067022 3.0 0.0
0.1 -2.3115397283274093 -1.9122719692460186 3.0 0.0
0.1 -2.2252253182162653 -2.0120567296101073 3.0 0.0
0.1 -2.134607031627906 -2.107949909396497 3.0 0.0
0.1 -2.039860136167314 -2.1997660386676277 3.0 0.0
0.1 -1.9411678847083915 -2.2873275330342935 3.0 0.0
0.1 -1.8387211609589946 -2.370465037127021 3.0 0.0
0.1 -1.7327181102668683 -2.4490177521515055 3.0 0.0
0.1 -1.6233637563807015 -2.5228337468944595 3.0 0.0
0.1 -1.5108696049073567 -2.591770251578463 3.0 0.0
0.1 -1.395453234232456 -2.6556939339973233 3.0 0.0
0.1 -1.2773378746953008 -2.714481157398019 3.0 0.0
0.1 -1.1567519768322794 -2.768018219610307 3.0 0.0
0.1 -1.0339287695236425 -2.816201572961589 3.0 0.0
0.1 -0.9091058088984201 -2.8589380245516254 3.0 0.0
0.1 -0.7825245188697905 -2.8961449164997948 3.0 0.0
0.1 -0.6544297241897338 -2.9277502858162183 3.0 0.0
0.1 -0.5250691769259354 -2.9536930035875972 3.0 0.0
0.1 -0.394693077276961 -2.973922893208505 3.0 0.0
0.1 -0.26355358965234377 -2.988400827429507 3.0 0.0
0.1 -0.13190435495371483 -2.9970988040343687 3.0 0.0
0.1 -1.2045517771913323e-13 -3.0 3.0 0.0
0.1 0.13190435495346883 -2.99709880403438 3.0 0.0
0.1 0.2635535896521038 -2.9884008274295284 3.0 0.0
0.1 0.3946930772767169 -2.9739228932085373 3.0 0.0
0.1 0.5250691769256982 -2.9536930035876394 3.0 0.0
0.1 0.6544297241894934 -2.9277502858162725 3.0 0.0
0.1 0.7825245188695578 -2.896144916499858 3.0 0.0
0.1 0.9091058088981854 -2.8589380245517 3.0 0.0
0.1 1.0339287695234165 -2.816201572961672 3.0 0.0
0.1 1.156751976832052 -2.768018219610402 3.0 0.0
0.1 1.277337874695083 -2.7144811573981222 3.0 0.0
0.1 1.395453234232238 -2.655693933997438 3.0 0.0
0.1 1.5108696049071484 -2.591770251578584 3.0 0.0
0.1 1.6233637563804924 -2.522833746894594 3.0 0.0
0.1 1.7327181102666716 -2.4490177521516445 3.0 0.0
0.1 1.838721160958798 -2.370465037127173 3.0 0.0
0.1 1.941167884708206 -2.287327533034451 3.0 0.0
0.1 2.0398601361671314 -2.1997660386677973 3.0 0.0
0.1 2.134607031627737 -2.1079499093966687 3.0 0.0
0.1 2.2252253182160984 -2.012056729610292 3.0 0.0
0.1 2.311539728327256 -1.9122719692462045 3.0 0.0
0.1 2.3933833186156024 -1.8087886250672205 3.0 0.0
0.1 2.4705977928851794 -1.7018068473804187 3.0 0.0
0.1 2.5430338082551494 -1.5915335529203627 3.0 0.0
0.1 2.610551264008485 -1.4781820246450375 3.0 0.0
0.1 2.673019572565015 -1.3619714992188143 3.0 0.0
0.1 2.730317912054907 -1.243126742980028 3.0 0.0
0.1 2.782335460003909 -1.1218776172135878 3.0 0.0
0.1 2.828971607678527 -0.998458633569147 3.0 0.0
0.1 2.8701361546764312 -0.8731085004850133 3.0 0.0
0.1 2.9057494833858426 -0.7460696614947622 3.0 0.0
0.1 2.9357427129763725 -0.6175878263098519 3.0 0.0
0.1 2.96005783262357 -0.4879114955848581 3.0 0.0
0.1 2.978647813709415 -0.35729148028482594 3.0 0.0
0.1 2.9914767007818255 -0.22598041658401335 3.0 0.0
0.1 2.9985196810971875 -0.09423227723460878 3.0 0.0
0.1 2.999763132611451 0.03769811964983605 3.0 0.0
0.1 2.9952046503269383 0.169555603445846 3.0 0.0
0.1 2.984853050943923 0.3010851445534184 3.0 0.0
0.1 2.968728355807986 0.43203234765652526 3.0 0.0
0.1 2.94686175218611 0.562143943756945 3.0 0.0
0.1 2.919295532946435 0.691168280029539 3.0 0.0
0.1 2.8860830147583227 0.8188558065517462 3.0 0.0
0.1 2.847288434970961 0.9449595589656821 3.0 0.0
0.1 2.8029868273699234 1.0692356361395239 3.0 0.0
0.1 2.753263877052043 1.191443671904112 3.0 0.0
0.1 2.6982157546992225 1.311347299952574 3.0 0.0
0.1 2.6379489305717905 1.4287146110035922 3.0 0.0
0.1 2.5725799685810884 1.5433186013443 3.0 0.0
0.1 2.502235300839658 1.6549376118850723 3.0 0.0
0.1 2.427050983124996 1.7633557568772078 3.0 0.0
0.1 2.347172431729931 1.868363341464128 3.0 0.0
0.1 2.262754142208487 1.969757267258668 3.0 0.0
0.1 2.173959390561328 2.067341425161848 3.0 0.0
0.1 2.0809599174386113 2.1609270746635314 3.0 0.0
0.1 1.983935595971165 2.2503332088911945 3.0 0.0
0.1 1.8830740838723177 2.3353869047008957 3.0 0.0
0.1 1.7785704604834072 2.415923657133197 3.0 0.0
0.1 1.6706268494647998 2.49178769758728 3.0 0.0
0.1 1.5594520278623762 2.562832295097735 3.0 0.0
0.1 1.4452610223053994 2.628920040131451 3.0 0.0
0.1 1.3282746931169696 2.6899231103555765 3.0 0.0
0.1 1.208719307141258 2.7457235178626336 3.0 0.0
0.1 1.086826100113918 2.7962133373745237 3.0 0.0
0.1 0.9628308294219129 2.8412949149841364 3.0 0.0
0.1 0.8369733181179826 2.8808810570307437 3.0 0.0
0.1 0.7094969910714714 2.9148951987439493 3.0 0.0
0.1 0.5806484041528871 2.943271552329942 3.0 0.0
0.1 0.45067676736257933 2.9659552342136952 3.0 0.0
0.1 0.3198334628260959 2.9829023711909626 3.0 0.0
0.1 0.18837155858825705 2.994080185284795 3.0 0.0
0.1 0.0565453191465482 2.9994670571424207 3.0 0.0
0.1 -0.07539028632968925 2.9990525678499083 3.0 0.0
0.1 -0.2071800771428887 2.9928375190836984 3.0 0.0
0.1 -0.3385691546201181 2.9808339315600625 3.0 0.0
0.1 -0.46930339512036146 2.9630650217854657 3.0 0.0
0.1 -0.5991299415428937 2.939565157152807 3.0 0.0
0.1 -0.7277976923858915 2.9103797894704004 3.0 0.0
0.1 -0.8550577874096026 2.8755653670522245 3.0 0.0
0.1 -0.9806640889645003 2.8351892255395277 3.0 0.0
0.1 -1.1043736580537125 2.7893294576648815 3.0 0.0
0.1 -1.225947224208726 2.738074762210652 3.0 0.0
0.1 -1.3451496482697833 2.6815242724539488 3.0 0.0
0.1 -1.4617503771756846 2.6197873644299348 3.0 0.0
0.1 -1.5755238898835837 2.5529834453842626 3.0 0.0
0.1 -1.6862501335560913 2.4812417228238894 3.0 0.0
0.1 -1.7937149491722664 2.4047009546128466 3.0 0.0
0.1 -1.8977104857390876 2.323509180596435 3.0 0.0
0.1 -1.9980356023024801 2.2378234362727913 3.0 0.0
0.1 -2.0944962569801495 2.147809449065755 3.0 0.0
0.1 -2.1869058822639786 2.0536413177863384 3.0 0.0
0.1 -2.2750857458659173 1.955501175902925 3.0 0.0
0.1 -2.3588652964096224 1.8535788392713015 3.0 0.0
0.1 -2.438082493299057 1.7480714390060426 3.0 0.0
0.1 -2.5125841201262142 1.6391830402031302 3.0 0.0
0.1 -2.5822260810116315 1.5271242472514504 3.0 0.0
0.1 -2.646873679304676 1.4121117964963428 3.0 0.0
0.1 -2.706401878104437 1.2943681370432347 3.0 0.0
0.1 -2.7606955420974555 1.1741210005119724 3.0 0.0
0.1 -2.809649660244436 1.051602960574154 3.0 0.0
0.1 -2.8531695488853366 0.9270509831252252 3.0 0.0
0.1 -2.89117103486992 0.80070596796152 3.0 0.0
0.1 -2.92358061835964 0.6728122828485417 3.0 0.0
0.1 -2.9503356149859137 0.5436172908818192 3.0 0.0
0.1 -2.9713842770898964 0.4133708720543245 3.0 0.0
0.1 -2.9866858938092005 0.28232493995596086 3.0 0.0
0.1 -2.9962108698180314 0.1507329545397281 3.0 0.0
0.1 -2.999940782568409 0.018849431897102364 3.0 0.0
0.1 -2.997868417921784 -0.11307054800937817 3.0 0.0
0.1 -2.989997784102125 -0.2447718347040428 3.0 0.0
0.1 -2.9763441039434877 -0.3759997006924846 3.0 0.0
0.1 -2.9569337854470676 -0.5065003341377708 3.0 0.0
0.1 -2.931804370704673 -0.6360213297657366 3.0 0.0
0.1 -2.9010044632874177 -0.7643121770497183 3.0 0.0
0.1 -2.8645936342400606 -0.8911247447306818 3.0 0.0
0.1 -2.822642306862828 -1.016213760735452 3.0 0.0
0.1 -2.7752316205035448 -1.1393372865649882 3.0 0.0
0.1 -2.722453273623542 -1.2602571852350064 3.0 0.0
0.1 -2.6644093464408414 -1.3787395818640622 3.0 0.0
0.1 -2.601212103493698 -1.4945553160180758 3.0 0.0
0.1 -2.53298377650629 -1.6074803849366033 3.0 0.0
0.1 -2.459856327976622 -1.717296376783393 3.0 0.0
0.1 -2.3819711959437875 -1.823790893083448 3.0 0.0
0.1 -2.2994790204283504 -1.9267579595293935 3.0 0.0
0.1 -2.2125393520748386 -2.0259984243627276 3.0 0.0
0.1 -2.121320343559978 -2.121320343559307 3.0 0.0
0.1 -2.0259984243634235 -2.212539352074201 3.0 0.0
0.1 -1.9267579595301214 -2.2994790204277407 3.0 0.0
0.1 -1.823790893084198 -2.3819711959432137 3.0 0.0
0.1 -1.7172963767841714 -2.4598563279760786 3.0 0.0
0.1 -1.6074803849374006 -2.5329837765057843 3.0 0.0
0.1 -1.4945553160188991 -2.601212103493225 3.0 0.0
0.1 -1.3787395818649006 -2.664409346440407 3.0 0.0
0.1 -1.2602571852358706 -2.7224532736231417 3.0 0.0
0.1 -1.139337286565864 -2.775231620503185 3.0 0.0
0.1 -1.016213760736348 -2.8226423068625057 3.0 0.0
0.1 -0.8911247447315859 -2.864593634239779 3.0 0.0
0.1 -0.7643121770506391 -2.901004463287175 3.0 0.0
0.1 -0.6360213297666619 -2.931804370704472 3.0 0.0
0.1 -0.5065003341387093 -2.9569337854469073 3.0 0.0
0.1 -0.37599970069342403 -2.976344103943369 3.0 0.0
0.1 -0.2447718347049918 -2.989997784102047 3.0 0.0
0.1 -0.11307054801032433 -2.997868417921748 3.0 0.0
0.1 0.018849431896150227 -2.9999407825684146 3.0 0.0
0.1 0.1507329545387825 -2.996210869818079 3.0 0.0
0.1 0.2823249399550129 -2.98668589380929 3.0 0.0
0.1 0.41337087205338663 -2.971384277090027 3.0 0.0
0.1 0.5436172908808828 -2.9503356149860864 3.0 0.0
0.1 0.6728122828476188 -2.9235806183598525 3.0 0.0
0.1 0.8007059679606024 -2.8911710348701742 3.0 0.0
0.1 0.9270509831243272 -2.853169548885628 3.0 0.0
0.1 1.0516029605732697 -2.809649660244767 3.0 0.0
0.1 1.1741210005111036 -2.7606955420978254 3.0 0.0
0.1 1.294368137042383 -2.7064018781048444 3.0 0.0
0.1 1.4121117964955143 -2.6468736793051177 3.0 0.0
0.1 1.5271242472506377 -2.5822260810121125 3.0 0.0
0.1 1.6391830402023393 -2.5125841201267303 3.0 0.0
0.1 1.7480714390052738 -2.4380824932996075 3.0 0.0
0.1 1.8535788392705634 -2.358865296410202 3.0 0.0
0.1 1.955501175902208 -2.2750857458665337 3.0 0.0
0.1 2.05364131778565 -2.1869058822646252 3.0 0.0
0.1 2.1478094490650954 -2.0944962569808263 3.0 0.0
0.1 2.2378234362721665 -1.9980356023031807 3.0 0.0
0.1 2.3235091805958366 -1.8977104857398195 3.0 0.0
0.1 2.4047009546122817 -1.793714949173023 3.0 0.0
0.1 2.4812417228233583 -1.6862501335568734 3.0 0.0
0.1 2.5529834453837696 -1.5755238898843826 3.0 0.0
0.1 2.619787364429474 -1.4617503771765104 3.0 0.0
0.1 2.681524272453525 -1.345149648270627 3.0 0.0
0.1 2.7380747622102657 -1.2259472242095888 3.0 0.0
0.1 2.7893294576645355 -1.104373658054586 3.0 0.0
0.1 2.8351892255392186 -0.9806640889653939 3.0 0.0
0.1 2.8755653670519554 -0.8550577874105082 3.0 0.0
0.1 2.910379789470171 -0.7277976923868094 3.0 0.0
0.1 2.93956515715262 -0.5991299415438142 3.0 0.0
0.1 2.963065021785318 -0.46930339512129593 3.0 0.0
0.1 2.9808339315599555 -0.3385691546210575 3.0 0.0
0.1 2.992837519083633 -0.2071800771438326 3.0 0.0
0.1 2.9990525678498843 -0.07539028633062646 3.0 0.0
0.1 2.999467057142439 0.05654531914560399 3.0 0.0
0.1 3.0 0.0 3.0 0.0
0.1 2.997098804034374 0.13190435495359473 3.0 0.0
0.1 2.9884008274295173 0.2635535896522295 3.0 0.0
0.1 2.9739228932085195 0.39469307727684744 3.0 0.0
0.1 2.953693003587616 0.5250691769258282 3.0 0.0
0.1 2.9277502858162423 0.6544297241896276 3.0 0.0
0.1 2.8961449164998214 0.7825245188696908 3.0 0.0
0.1 2.8589380245516565 0.9091058088983219 3.0 0.0
0.1 2.816201572961622 1.033928769523551 3.0 0.0
0.1 2.7680182196103447 1.1567519768321894 3.0 0.0
0.1 2.7144811573980587 1.277337874695218 3.0 0.0
0.1 2.655693933997366 1.3954532342323747 3.0 0.0
0.1 2.591770251578506 1.5108696049072825 3.0 0.0
0.1 2.5228337468945075 1.623363756380627 3.0 0.0
0.1 2.449017752151552 1.7327181102668026 3.0 0.0
0.1 2.370465037127071 1.8387211609589293 3.0 0.0
0.1 2.287327533034343 1.941167884708333 3.0 0.0
0.1 2.19976603866768 2.039860136167258 3.0 0.0
0.1 2.107949909396547 2.1346070316278563 3.0 0.0
0.1 2.0120567296101597 2.225225318216218 3.0 0.0
0.1 1.9122719692460688 2.311539728327368 3.0 0.0
0.1 1.8087886250670735 2.3933833186157134 3.0 0.0
0.1 1.701806847380269 2.4705977928852825 3.0 0.0
0.1 1.5915335529202015 2.54303380825525 3.0 0.0
0.1 1.4781820246448736 2.6105512640085777 3.0 0.0
0.1 1.3619714992186394 2.673019572565104 3.0 0.0
0.1 1.2431267429798516 2.7303179120549874 3.0 0.0
0.1 1.1218776172134004 2.782335460003984 3.0 0.0
0.1 0.9984586335689594 2.828971607678594 3.0 0.0
0.1 0.8731085004848147 2.8701361546764916 3.0 0.0
0.1 0.7460696614945637 2.9057494833858937 3.0 0.0
0.1 0.6175878263096427 2.9357427129764164 3.0 0.0
0.1 0.48791149558464986 2.9600578326236047 3.0 0.0
0.1 0.3572914802846071 2.978647813709441 3.0 0.0
0.1 0.22598041658379692 2.991476700781842 3.0 0.0
0.1 0.09423227723438318 2.9985196810971946 3.0 0.0
0.1 -0.037698119650059286 2.9997631326114482 3.0 0.0
0.1 -0.1695556034460755 2.995204650326925 3.0 0.0
0.1 -0.30108514455364566 2.9848530509439004 3.0 0.0
0.1 -0.43203234765675924 2.9687283558079525 3.0 0.0
0.1 -0.5621439437571758 2.9468617521860656 3.0 0.0
0.1 -0.691168280029774 2.9192955329463794 3.0 0.0
0.1 -0.8188558065519784 2.886083014758257 3.0 0.0
0.1 -0.9449595589659168 2.8472884349708827 3.0 0.0
0.1 -1.0692356361397544 2.8029868273698355 3.0 0.0
0.1 -1.1914436719043437 2.7532638770519426 3.0 0.0
0.1 -1.3113472999528017 2.6982157546991115 3.0 0.0
0.1 -1.42871461100382 2.6379489305716675 3.0 0.0
0.1 -1.543318601344522 2.572579968580955 3.0 0.0
0.1 -1.6549376118852939 2.5022353008395113 3.0 0.0
0.1 -1.7633557568774214 2.427050983124841 3.0 0.0
0.1 -1.8683633414643404 2.347172431729762 3.0 0.0
0.1 -1.969757267258871 2.26275414220831 3.0 0.0
0.1 -2.0673414251620477 2.1739593905611376 3.0 0.0
0.1 -2.160927074663723 2.080959917438413 3.0 0.0
0.1 -2.250333208891381 1.9839355959709524 3.0 0.0
0.1 -2.3353869047010716 1.8830740838720994 3.0 0.0
0.1 -2.415923657133368 1.778570460483175 3.0 0.0
0.1 -2.4917876975874407 1.6706268494645602 3.0 0.0
0.1 -2.5628322950978877 1.5594520278621247 3.0 0.0
0.1 -2.628920040131592 1.4452610223051434 3.0 0.0
0.1 -2.6899231103557093 1.3282746931167009 3.0 0.0
0.1 -2.7457235178627544 1.2087193071409832 3.0 0.0
0.1 -2.796213337374634 1.086826100113635 3.0 0.0
0.1 -2.8412949149842346 0.9628308294216239 3.0 0.0
0.1 -2.8808810570308303 0.8369733181176835 3.0 0.0
0.1 -2.914895198744023 0.7094969910711699 3.0 0.0
0.1 -2.9432715523300033 0.5806484041525756 3.0 0.0
0.1 -2.9659552342137427 0.45067676736226736 3.0 0.0
0.1 -2.982902371190997 0.31983346282577485 3.0 0.0
0.1 -2.994080185284815 0.18837155858793542 3.0 0.0
0.1 -2.9994670571424273 0.05654531914622005 3.0 0.0
0.1 -2.9990525678499 -0.07539028633001671 3.0 0.0
0.1 -2.9928375190836753 -0.20718007714322276 3.0 0.0
0.1 -2.9808339315600243 -0.33856915462045156 3.0 0.0
0.1 -2.9630650217854124 -0.46930339512069874 3.0 0.0
0.1 -2.9395651571527397 -0.5991299415432256 3.0 0.0
0.1 -2.9103797894703165 -0.7277976923862266 3.0 0.0
0.1 -2.8755653670521264 -0.8550577874099339 3.0 0.0
0.1 -2.8351892255394127 -0.9806640889648326 3.0 0.0
0.1 -2.789329457664752 -1.10437365805404 3.0 0.0
0.1 -2.738074762210506 -1.225947224209053 3.0 0.0
0.1 -2.681524272453789 -1.3451496482701022 3.0 0.0
0.1 -2.619787364429757 -1.4617503771760032 3.0 0.0
0.1 -2.5529834453840725 -1.575523889883892 3.0 0.0
0.1 -2.4812417228236807 -1.6862501335563984 3.0 0.0
0.1 -2.404700954612625 -1.7937149491725628 3.0 0.0
0.1 -2.3235091805961976 -1.8977104857393783 3.0 0.0
0.1 -2.237823436272542 -1.9980356023027595 3.0 0.0
0.1 -2.1478094490654884 -2.094496256980423 3.0 0.0
0.1 -2.053641317786061 -2.1869058822642393 3.0 0.0
0.1 -1.955501175902631 -2.27508574586617 3.0 0.0
0.1 -1.853578839270998 -2.358865296409861 3.0 0.0
0.1 -1.7480714390057206 -2.4380824932992873 3.0 0.0
0.1 -1.6391830402028 -2.51258412012643 3.0 0.0
0.1 -1.527124247251109 -2.582226081011834 3.0 0.0
0.1 -1.4121117964959926 -2.6468736793048624 3.0 0.0
0.1 -1.2943681370428695 -2.7064018781046117 3.0 0.0
0.1 -1.1741210005115974 -2.760695542097615 3.0 0.0
0.1 -1.0516029605737673 -2.8096496602445806 3.0 0.0
0.1 -0.9270509831248352 -2.8531695488854627 3.0 0.0
0.1 -0.8007059679611197 -2.8911710348700312 3.0 0.0
0.1 -0.6728122828481341 -2.9235806183597335 3.0 0.0
0.1 -0.5436172908814053 -2.95033561498599 3.0 0.0
0.1 -0.413370872053905 -2.971384277089955 3.0 0.0
0.1 -0.2823249399555339 -2.986685893809241 3.0 0.0
0.1 -0.15073295453929986 -2.996210869818053 3.0 0.0
0.1 -0.018849431896665575 -2.9999407825684115 3.0 0.0
0.1 0.113070548009812 -2.9978684179217674 3.0 0.0
0.1 0.24477183470448083 -2.989997784102089 3.0 0.0
0.1 0.3759997006929206 -2.9763441039434326 3.0 0.0
0.1 0.5065003341382118 -2.9569337854469926 3.0 0.0
0.1 0.6360213297661739 -2.931804370704578 3.0 0.0
0.1 0.7643121770501562 -2.9010044632873027 3.0 0.0
0.1 0.8911247447311141 -2.8645936342399256 3.0 0.0
0.1 1.0162137607358832 -2.822642306862673 3.0 0.0
0.1 1.1393372865654143 -2.7752316205033694 3.0 0.0
0.1 1.2602571852354272 -2.722453273623347 3.0 0.0
0.1 1.3787395818644714 -2.6644093464406295 3.0 0.0
0.1 1.49455531601848 -2.6012121034934657 3.0 0.0
0.1 1.6074803849369994 -2.5329837765060392 3.0 0.0
0.1 1.7172963767837817 -2.459856327976351 3.0 0.0
0.1 1.823790893083825 -2.3819711959434997 3.0 0.0
0.1 1.9267579595297613 -2.299479020428043 3.0 0.0
0.1 2.0259984243630806 -2.212539352074515 3.0 0.0
0.1 2.1213203435596513 -2.121320343559634 3.0 0.0
0.1 2.2125393520745282 -2.025998424363066 3.0 0.0
0.1 2.2994790204280555 -1.926757959529746 3.0 0.0
0.1 2.3819711959435117 -1.823790893083809 3.0 0.0
0.1 2.4598563279763637 -1.717296376783763 3.0 0.0
0.1 2.5329837765060517 -1.6074803849369799 3.0 0.0
0.1 2.601212103493477 -1.4945553160184604 3.0 0.0
0.1 2.66440934644064 -1.3787395818644512 3.0 0.0
0.1 2.7224532736233553 -1.2602571852354088 3.0 0.0
0.1 2.7752316205033782 -1.1393372865653935 3.0 0.0
0.1 2.8226423068626803 -1.0162137607358643 3.0 0.0
0.1 2.8645936342399327 -0.8911247447310924 3.0 0.0
0.1 2.9010044632873084 -0.7643121770501342 3.0 0.0
0.1 2.931804370704583 -0.6360213297661517 3.0 0.0
0.1 2.9569337854469966 -0.5065003341381868 3.0 0.0
0.1 2.9763441039434353 -0.3759997006928981 3.0 0.0
0.1 2.989997784102091 -0.24477183470445818 3.0 0.0
0.1 2.9978684179217683 -0.113070548009792 3.0 0.0
0.1 2.9999407825684115 0.018849431896689844 3.0 0.0
0.1 2.996210869818052 0.15073295453932217 3.0 0.0
0.1 2.9866858938092387 0.2823249399555569 3.0 0.0
0.1 2.9713842770899515 0.41337087205392864 3.0 0.0
0.1 2.950335614985986 0.543617290881427 3.0 0.0
0.1 2.923580618359728 0.6728122828481587 3.0 0.0
0.1 2.891171034870026 0.800705967961139 3.0 0.0
0.1 2.8531695488854565 0.927050983124855 3.0 0.0
0.1 2.809649660244572 1.05160296057379 3.0 0.0
0.1 2.7606955420976056 1.1741210005116205 3.0 0.0
0.1 2.706401878104602 1.2943681370428903 3.0 0.0
0.1 2.6468736793048526 1.4121117964960113 3.0 0.0
0.1 2.582226081011823 1.5271242472511277 3.0 0.0
0.1 2.512584120126416 1.6391830402028214 3.0 0.0
0.1 2.4380824932992717 1.748071439005742 3.0 0.0
0.1 2.3588652964098475 1.8535788392710142 3.0 0.0
0.1 2.275085745866156 1.9555011759026475 3.0 0.0
0.1 2.1869058822642238 2.0536413177860773 3.0 0.0
0.1 2.0944962569804066 2.1478094490655044 3.0 0.0
0.1 1.9980356023027424 2.2378234362725578 3.0 0.0
0.1 1.8977104857393603 2.3235091805962123 3.0 0.0
0.1 1.7937149491725424 2.40470095461264 3.0 0.0
0.1 1.6862501335563798 2.481241722823694 3.0 0.0
0.1 1.5755238898838742 2.5529834453840836 3.0 0.0
0.1 1.4617503771759832 2.6197873644297682 3.0 0.0
0.1 1.3451496482700824 2.6815242724537987 3.0 0.0
0.1 1.2259472242090321 2.7380747622105153 3.0 0.0
0.1 1.1043736580540175 2.7893294576647607 3.0 0.0
0.1 0.9806640889648104 2.8351892255394207 3.0 0.0
0.1 0.8550577874099113 2.8755653670521326 3.0 0.0
0.1 0.727797692386204 2.910379789470322 3.0 0.0
0.1 0.5991299415432053 2.939565157152744 3.0 0.0
0.1 0.4693033951206763 2.9630650217854155 3.0 0.0
0.1 0.33856915462042825 2.980833931560027 3.0 0.0
0.1 0.20718007714320008 2.9928375190836767 3.0 0.0
0.1 0.07539028632999395 2.9990525678499003 3.0 0.0
0.1 -0.05654531914624347 2.9994670571424265 3.0 0.0
0.1 -0.18837155858795882 2.9940801852848136 3.0 0.0
0.1 -0.3198334628257955 2.982902371190995 3.0 0.0
0.1 -0.45067676736228723 2.9659552342137396 3.0 0.0
0.1 -0.5806484041525986 2.943271552329999 3.0 0.0
0.1 -0.7094969910711915 2.9148951987440177 3.0 0.0
0.1 -0.8369733181177053 2.880881057030824 3.0 0.0
0.1 -0.9628308294216463 2.8412949149842266 3.0 0.0
0.1 -1.086826100113655 2.796213337374626 3.0 0.0
0.1 -1.2087193071410065 2.7457235178627446 3.0 0.0
0.1 -1.328274693116723 2.689923110355698 3.0 0.0
0.1 -1.4452610223051614 2.628920040131582 3.0 0.0
0.1 -1.5594520278621435 2.5628322950978766 3.0 0.0
0.1 -1.6706268494645795 2.4917876975874274 3.0 0.0
0.1 -1.7785704604831936 2.415923657133354 3.0 0.0
0.1 -1.8830740838721167 2.335386904701058 3.0 0.0
0.1 -1.983935595970971 2.250333208891365 3.0 0.0
0.1 -2.0809599174384297 2.1609270746637064 3.0 0.0
0.1 -2.1739593905611523 2.0673414251620326 3.0 0.0
0.1 -2.262754142208324 1.9697572672588552 3.0 0.0
0.1 -2.347172431729777 1.8683633414643221 3.0 0.0
0.1 -2.427050983124852 1.7633557568774059 3.0 0.0
0.1 -2.5022353008395215 1.6549376118852788 3.0 0.0
0.1 -2.5725799685809627 1.5433186013445095 3.0 0.0
0.1 -2.637948930571673 1.42871461100381 3.0 0.0
0.1 -2.6982157546991155 1.3113472999527938 3.0 0.0
0.1 -2.7532638770519444 1.1914436719043393 3.0 0.0
0.1 -2.802986827369836 1.0692356361397524 3.0 0.0
0.1 -2.8472884349708827 0.9449595589659173 3.0 0.0
0.1 -2.886083014758256 0.8188558065519815 3.0 0.0
0.1 -2.9192955329463777 0.6911682800297805 3.0 0.0
0.1 -2.946861752186064 0.5621439437571855 3.0 0.0
0.1 -2.9687283558079507 0.432032347656771 3.0 0.0
0.1 -2.984853050943899 0.30108514455366214 3.0 0.0
0.1 -2.995204650326924 0.16955560344609266 3.0 0.0
0.1 -2.999763132611448 0.037698119650079825 3.0 0.0
0.1 -2.9985196810971955 -0.09423227723436 3.0 0.0
0.1 -2.991476700781844 -0.22598041658376916 3.0 0.0
0.1 -2.9786478137094448 -0.3572914802845788 3.0 0.0
0.1 -2.96005783262361 -0.48791149558461644 3.0 0.0
0.1 -2.935742712976424 -0.6175878263096084 3.0 0.0
0.1 -2.9057494833859034 -0.746069661494525 3.0 0.0
0.1 -2.8701361546765036 -0.8731085004847752 3.0 0.0
0.1 -2.8289716076786084 -0.9984586335689174 3.0 0.0
0.1 -2.782335460004002 -1.1218776172133569 3.0 0.0
0.1 -2.730317912055008 -1.243126742979806 3.0 0.0
0.1 -2.673019572565128 -1.3619714992185925 3.0 0.0
0.1 -2.610551264008605 -1.4781820246448254 3.0 0.0
0.1 -2.5430338082552812 -1.591533552920152 3.0 0.0
0.1 -2.4705977928853176 -1.7018068473802184 3.0 0.0
0.1 -2.3933833186157525 -1.808788625067022 3.0 0.0
0.1 -2.3115397283274093 -1.9122719692460186 3.0 0.0
0.1 -2.2252253182162653 -2.0120567296101073 3.0 0.0
0.1 -2.134607031627906 -2.107949909396497 3.0 0.0
0.1 -2.039860136167314 -2.1997660386676277 3.0 0.0
0.1 -1.9411678847083915 -2.2873275330342935 3.0 0.0
0.1 -1.8387211609589946 -2.370465037127021 3.0 0.0
0.1 -1.7327181102668683 -2.4490177521515055 3.0 0.0
0.1 -1.6233637563807015 -2.5228337468944595 3.0 0.0
0.1 -1.5108696049073567 -2.591770251578463 3.0 0.0
0.1 -1.395453234232456 -2.6556939339973233 3.0 0.0
0.1 -1.2773378746953008 -2.714481157398019 3.0 0.0
0.1 -1.1567519768322794 -2.768018219610307 3.0 0.0
0.1 -1.0339287695236425 -2.816201572961589 3.0 0.0
0.1 -0.9091058088984201 -2.8589380245516254 3.0 0.0
0.1 -0.7825245188697905 -2.8961449164997948 3.0 0.0
0.1 -0.6544297241897338 -2.9277502858162183 3.0 0.0
0.1 -0.5250691769259354 -2.9536930035875972 3.0 0.0
0.1 -0.394693077276961 -2.973922893208505 3.0 0.0
0.1 -0.26355358965234377 -2.988400827429507 3.0 0.0
0.1 -0.13190435495371483 -2.9970988040343687 3.0 0.0
0.1 -1.2045517771913323e-13 -3.0 3.0 0.0
0.1 0.13190435495346883 -2.99709880403438 3.0 0.0
0.1 0.2635535896521038 -2.9884008274295284 3.0 0.0
0.1 0.3946930772767169 -2.9739228932085373 3.0 0.0
0.1 0.5250691769256982 -2.9536930035876394 3.0 0.0
0.1 0.6544297241894934 -2.9277502858162725 3.0 0.0
0.1 0.7825245188695578 -2.896144916499858 3.0 0.0
0.1 0.9091058088981854 -2.8589380245517 3.0 0.0
0.1 1.0339287695234165 -2.816201572961672 3.0 0.0
0.1 1.156751976832052 -2.768018219610402 3.0 0.0
0.1 1.277337874695083 -2.7144811573981222 3.0 0.0
0.1 1.395453234232238 -2.655693933997438 3.0 0.0
0.1 1.5108696049071484 -2.591770251578584 3.0 0.0
0.1 1.6233637563804924 -2.522833746894594 3.0 0.0
0.1 1.7327181102666716 -2.4490177521516445 3.0 0.0
0.1 1.838721160958798 -2.370465037127173 3.0 0.0
0.1 1.941167884708206 -2.287327533034451 3.0 0.0
0.1 2.0398601361671314 -2.1997660386677973 3.0 0.0
0.1 2.134607031627737 -2.1079499093966687 3.0 0.0
0.1 2.2252253182160984 -2.012056729610292 3.0 0.0
0.1 2.311539728327256 -1.9122719692462045 3.0 0.0
0.1 2.3933833186156024 -1.8087886250672205 3.0 0.0
0.1 2.4705977928851794 -1.7018068473804187 3.0 0.0
0.1 2.5430338082551494 -1.5915335529203627 3.0 0.0
0.1 2.610551264008485 -1.4781820246450375 3.0 0.0
0.1 2.673019572565015 -1.3619714992188143 3.0 0.0
0.1 2.730317912054907 -1.243126742980028 3.0 0.0
0.1 2.782335460003909 -1.1218776172135878 3.0 0.0
0.1 2.828971607678527 -0.998458633569147 3.0 0.0
0.1 2.8701361546764312 -0.8731085004850133 3.0 0.0
0.1 2.9057494833858426 -0.7460696614947622 3.0 0.0
0.1 2.9357427129763725 -0.6175878263098519 3.0 0.0
0.1 2.96005783262357 -0.4879114955848581 3.0 0.0
0.1 2.978647813709415 -0.35729148028482594 3.0 0.0
0.1 2.9914767007818255 -0.22598041658401335 3.0 0.0
0.1 2.9985196810971875 -0.09423227723460878 3.0 0.0
0.1 2.999763132611451 0.03769811964983605 3.0 0.0
0.1 2.9952046503269383 0.169555603445846 3.0 0.0
0.1 2.984853050943923 0.3010851445534184 3.0 0.0
0.1 2.968728355807986 0.43203234765652526 3.0 0.0
0.1 2.94686175218611 0.562143943756945 3.0 0.0
0.1 2.919295532946435 0.691168280029539 3.0 0.0
0.1 2.8860830147583227 0.8188558065517462 3.0 0.0
0.1 2.847288434970961 0.9449595589656821 3.0 0.0
0.1 2.8029868273699234 1.0692356361395239 3.0 0.0
0.1 2.753263877052043 1.191443671904112 3.0 0.0
0.1 2.6982157546992225 1.311347299952574 3.0 0.0
0.1 2.6379489305717905 1.4287146110035922 3.0 0.0
0.1 2.5725799685810884 1.5433186013443 3.0 0.0
0.1 2.502235300839658 1.6549376118850723 3.0 0.0
0.1 2.427050983124996 1.7633557568772078 3.0 0.0
0.1 2.347172431729931 1.868363341464128 3.0 0.0
0.1 2.262754142208487 1.969757267258668 3.0 0.0
0.1 2.173959390561328 2.067341425161848 3.0 0.0
0.1 2.0809599174386113 2.1609270746635314 3.0 0.0
0.1 1.983935595971165 2.2503332088911945 3.0 0.0
0.1 1.8830740838723177 2.3353869047008957 3.0 0.0
0.1 1.7785704604834072 2.415923657133197 3.0 0.0
0.1 1.6706268494647998 2.49178769758728 3.0 0.0
0.1 1.5594520278623762 2.562832295097735 3.0 0.0
0.1 1.4452610223053994 2.628920040131451 3.0 0.0
0.1 1.3282746931169696 2.6899231103555765 3.0 0.0
0.1 1.208719307141258 2.7457235178626336 3.0 0.0
0.1 1.086826100113918 2.7962133373745237 3.0 0.0
0.1 0.9628308294219129 2.8412949149841364 3.0 0.0
0.1 0.8369733181179826 2.8808810570307437 3.0 0.0
0.1 0.7094969910714714 2.9148951987439493 3.0 0.0
0.1 0.5806484041528871 2.943271552329942 3.0 0.0
0.1 0.45067676736257933 2.9659552342136952 3.0 0.0
0.1 0.3198334628260959 2.9829023711909626 3.0 0.0
0.1 0.18837155858825705 2.994080185284795 3.0 0.0
0.1 0.0565453191465482 2.9994670571424207 3.0 0.0
0.1 -0.07539028632968925 2.9990525678499083 3.0 0.0
0.1 -0.2071800771428887 2.9928375190836984 3.0 0.0
0.1 -0.3385691546201181 2.9808339315600625 3.0 0.0
0.1 -0.46930339512036146 2.9630650217854657 3.0 0.0
0.1 -0.5991299415428937 2.939565157152807 3.0 0.0
0.1 -0.7277976923858915 2.9103797894704004 3.0 0.0
0.1 -0.8550577874096026 2.8755653670522245 3.0 0.0
0.1 -0.9806640889645003 2.8351892255395277 3.0 0.0
0.1 -1.1043736580537125 2.7893294576648815 3.0 0.0
0.1 -1.225947224208726 2.738074762210652 3.0 0.0
0.1 -1.3451496482697833 2.6815242724539488 3.0 0.0
0.1 -1.4617503771756846 2.6197873644299348 3.0 0.0
0.1 -1.5755238898835837 2.5529834453842626 3.0 0.0
0.1 -1.6862501335560913 2.4812417228238894 3.0 0.0
0.1 -1.7937149491722664 2.4047009546128466 3.0 0.0
0.1 -1.8977104857390876 2.323509180596435 3.0 0.0
0.1 -1.9980356023024801 2.2378234362727913 3.0 0.0
0.1 -2.0944962569801495 2.147809449065755 3.0 0.0
0.1 -2.1869058822639786 2.0536413177863384 3.0 0.0
0.1 -2.2750857458659173 1.955501175902925 3.0 0.0
0.1 -2.3588652964096224 1.8535788392713015 3.0 0.0
0.1 -2.438082493299057 1.7480714390060426 3.0 0.0
0.1 -2.5125841201262142 1.6391830402031302 3.0 0.0
0.1 -2.5822260810116315 1.5271242472514504 3.0 0.0
0.1 -2.646873679304676 1.4121117964963428 3.0 0.0
0.1 -2.706401878104437 1.2943681370432347 3.0 0.0
0.1 -2.7606955420974555 1.1741210005119724 3.0 0.0
0.1 -2.809649660244436 1.051602960574154 3.0 0.0
0.1 -2.8531695488853366 0.9270509831252252 3.0 0.0
0.1 -2.89117103486992 0.80070596796152 3.0 0.0
0.1 -2.92358061835964 0.6728122828485417 3.0 0.0
0.1 -2.9503356149859137 0.5436172908818192 3.0 0.0
0.1 -2.9713842770898964 0.4133708720543245 3.0 0.0
0.1 -2.9866858938092005 0.28232493995596086 3.0 0.0
0.1 -2.9962108698180314 0.1507329545397281 3.0 0.0
0.1 -2.999940782568409 0.018849431897102364 3.0 0.0
0.1 -2.997868417921784 -0.11307054800937817 3.0 0.0
0.1 -2.989997784102125 -0.2447718347040428 3.0 0.0
0.1 -2.9763441039434877 -0.3759997006924846 3.0 0.0
0.1 -2.9569337854470676 -0.5065003341377708 3.0 0.0
0.1 -2.931804370704673 -0.6360213297657366 3.0 0.0
0.1 -2.9010044632874177 -0.7643121770497183 3.0 0.0
0.1 -2.8645936342400606 -0.8911247447306818 3.0 0.0
0.1 -2.822642306862828 -1.016213760735452 3.0 0.0
0.1 -2.7752316205035448 -1.1393372865649882 3.0 0.0
0.1 -2.722453273623542 -1.2602571852350064 3.0 0.0
0.1 -2.6644093464408414 -1.3787395818640622 3.0 0.0
0.1 -2.601212103493698 -1.4945553160180758 3.0 0.0
0.1 -2.53298377650629 -1.6074803849366033 3.0 0.0
0.1 -2.459856327976622 -1.717296376783393 3.0 0.0
0.1 -2.3819711959437875 -1.823790893083448 3.0 0.0
0.1 -2.2994790204283504 -1.9267579595293935 3.0 0.0
0.1 -2.2125393520748386 -2.0259984243627276 3.0 0.0
0.1 -2.121320343559978 -2.121320343559307 3.0 0.0
0.1 -2.0259984243634235 -2.212539352074201 3.0 0.0
0.1 -1.9267579595301214 -2.2994790204277407 3.0 0.0
0.1 -1.823790893084198 -2.3819711959432137 3.0 0.0
0.1 -1.7172963767841714 -2.4598563279760786 3.0 0.0
0.1 -1.6074803849374006 -2.5329837765057843 3.0 0.0
0.1 -1.4945553160188991 -2.601212103493225 3.0 0.0
0.1 -1.3787395818649006 -2.664409346440407 3.0 0.0
0.1 -1.2602571852358706 -2.7224532736231417 3.0 0.0
0.1 -1.139337286565864 -2.775231620503185 3.0 0.0
0.1 -1.016213760736348 -2.8226423068625057 3.0 0.0
0.1 -0.8911247447315859 -2.864593634239779 3.0 0.0
0.1 -0.7643121770506391 -2.901004463287175 3.0 0.0
0.1 -0.6360213297666619 -2.931804370704472 3.0 0.0
0.1 -0.5065003341387093 -2.9569337854469073 3.0 0.0
0.1 -0.37599970069342403 -2.976344103943369 3.0 0.0
0.1 -0.2447718347049918 -2.989997784102047 3.0 0.0
0.1 -0.11307054801032433 -2.997868417921748 3.0 0.0
0.1 0.018849431896150227 -2.9999407825684146 3.0 0.0
0.1 0.1507329545387825 -2.996210869818079 3.0 0.0
0.1 0.2823249399550129 -2.98668589380929 3.0 0.0
0.1 0.41337087205338663 -2.971384277090027 3.0 0.0
0.1 0.5436172908808828 -2.9503356149860864 3.0 0.0
0.1 0.6728122828476188 -2.9235806183598525 3.0 0.0
0.1 0.8007059679606024 -2.8911710348701742 3.0 0.0
0.1 0.9270509831243272 -2.853169548885628 3.0 0.0
0.1 1.0516029605732697 -2.809649660244767 3.0 0.0
0.1 1.1741210005111036 -2.7606955420978254 3.0 0.0
0.1 1.294368137042383 -2.7064018781048444 3.0 0.0
0.1 1.4121117964955143 -2.6468736793051177 3.0 0.0
0.1 1.5271242472506377 -2.5822260810121125 3.0 0.0
0.1 1.6391830402023393 -2.5125841201267303 3.0 0.0
0.1 1.7480714390052738 -2.4380824932996075 3.0 0.0
0.1 1.8535788392705634 -2.358865296410202 3.0 0.0
0.1 1.955501175902208 -2.2750857458665337 3.0 0.0
0.1 2.05364131778565 -2.1869058822646252 3.0 0.0
0.1 2.1478094490650954 -2.0944962569808263 3.0 0.0
0.1 2.2378234362721665 -1.9980356023031807 3.0 0.0
0.1 2.3235091805958366 -1.8977104857398195 3.0 0.0
0.1 2.4047009546122817 -1.793714949173023 3.0 0.0
0.1 2.4812417228233583 -1.6862501335568734 3.0 0.0
0.1 2.5529834453837696 -1.5755238898843826 3.0 0.0
0.1 2.619787364429474 -1.4617503771765104 3.0 0.0
0.1 2.681524272453525 -1.345149648270627 3.0 0.0
0.1 2.7380747622102657 -1.2259472242095888 3.0 0.0
0.1 2.7893294576645355 -1.104373658054586 3.0 0.0
0.1 2.8351892255392186 -0.9806640889653939 3.0 0.0
0.1 2.8755653670519554 -0.8550577874105082 3.0 0.0
0.1 2.910379789470171 -0.7277976923868094 3.0 0.0
0.1 2.93956515715262 -0.5991299415438142 3.0 0.0
0.1 2.963065021785318 -0.46930339512129593 3.0 0.0
0.1 2.9808339315599555 -0.3385691546210575 3.0 0.0
0.1 2.992837519083633 -0.2071800771438326 3.0 0.0
0.1 2.9990525678498843 -0.07539028633062646 3.0 0.0
0.1 2.999467057142439 0.05654531914560399 3.0 0.0
0.1 3.0 0.0 3.0 0.0
0.1 2.997098804034374 0.13190435495359473 3.0 0.0
0.1 2.9884008274295173 0.2635535896522295 3.0 0.0
0.1 2.9739228932085195 0.39469307727684744 3.0 0.0
0.1 2.953693003587616 0.5250691769258282 3.0 0.0
0.1 2.9277502858162423 0.6544297241896276 3.0 0.0
0.1 2.8961449164998214 0.7825245188696908 3.0 0.0
0.1 2.8589380245516565 0.9091058088983219 3.0 0.0
0.1 2.816201572961622 1.033928769523551 3.0 0.0
0.1 2.7680182196103447 1.1567519768321894 3.0 0.0
0.1 2.7144811573980587 1.277337874695218 3.0 0.0
0.1 2.655693933997366 1.3954532342323747 3.0 0.0
0.1 2.591770251578506 1.5108696049072825 3.0 0.0
0.1 2.5228337468945075 1.623363756380627 3.0 0.0
0.1 2.449017752151552 1.7327181102668026 3.0 0.0
0.1 2.370465037127071 1.8387211609589293 3.0 0.0
0.1 2.287327533034343 1.941167884708333 3.0 0.0
0.1 2.19976603866768 2.039860136167258 3.0 0.0
0.1 2.107949909396547 2.1346070316278563 3.0 0.0
0.1 2.0120567296101597 2.225225318216218 3.0 0.0
0.1 1.9122719692460688 2.311539728327368 3.0 0.0
0.1 1.8087886250670735 2.3933833186157134 3.0 0.0
0.1 1.701806847380269 2.4705977928852825 3.0 0.0
0.1 1.5915335529202015 2.54303380825525 3.0 0.0
0.1 1.4781820246448736 2.6105512640085777 3.0 0.0
0.1 1.3619714992186394 2.673019572565104 3.0 0.0
0.1 1.2431267429798516 2.7303179120549874 3.0 0.0
0.1 1.1218776172134004 2.782335460003984 3.0 0.0
0.1 0.9984586335689594 2.828971607678594 3.0 0.0
0.1 0.8731085004848147 2.8701361546764916 3.0 0.0
0.1 0.7460696614945637 2.9057494833858937 3.0 0.0
0.1 0.6175878263096427 2.9357427129764164 3.0 0.0
0.1 0.48791149558464986 2.9600578326236047 3.0 0.0
0.1 0.3572914802846071 2.978647813709441 3.0 0.0
0.1 0.22598041658379692 2.991476700781842 3.0 0.0
0.1 0.09423227723438318 2.9985196810971946 3.0 0.0
0.1 -0.037698119650059286 2.9997631326114482 3.0 0.0
0.1 -0.1695556034460755 2.995204650326925 3.0 0.0
0.1 -0.30108514455364566 2.9848530509439004 3.0 0.0
0.1 -0.43203234765675924 2.9687283558079525 3.0 0.0
0.1 -0.5621439437571758 2.9468617521860656 3.0 0.0
0.1 -0.691168280029774 2.9192955329463794 3.0 0.0
0.1 -0.8188558065519784 2.886083014758257 3.0 0.0
0.1 -0.9449595589659168 2.8472884349708827 3.0 0.0
0.1 -1.0692356361397544 2.8029868273698355 3.0 0.0
0.1 -1.1914436719043437 2.7532638770519426 3.0 0.0
0.1 -1.3113472999528017 2.6982157546991115 3.0 0.0
0.1 -1.42871461100382 2.6379489305716675 3.0 0.0
0.1 -1.543318601344522 2.572579968580955 3.0 0.0
0.1 -1.6549376118852939 2.5022353008395113 3.0 0.0
0.1 -1.7633557568774214 2.427050983124841 3.0 0.0
0.1 -1.8683633414643404 2.347172431729762 3.0 0.0
0.1 -1.969757267258871 2.26275414220831 3.0 0.0
0.1 -2.0673414251620477 2.1739593905611376 3.0 0.0
0.1 -2.160927074663723 2.080959917438413 3.0 0.0
0.1 -2.250333208891381 1.9839355959709524 3.0 0.0
0.1 -2.3353869047010716 1.8830740838720994 3.0 0.0
0.1 -2.415923657133368 1.778570460483175 3.0 0.0
0.1 -2.4917876975874407 1.6706268494645602 3.0 0.0
0.1 -2.5628322950978877 1.5594520278621247 3.0 0.0
0.1 -2.628920040131592 1.4452610223051434 3.0 0.0
0.1 -2.6899231103557093 1.3282746931167009 3.0 0.0
0.1 -2.7457235178627544 1.2087193071409832 3.0 0.0
0.1 -2.796213337374634 1.086826100113635 3.0 0.0
0.1 -2.8412949149842346 0.9628308294216239 3.0 0.0
0.1 -2.8808810570308303 0.8369733181176835 3.0 0.0
0.1 -2.914895198744023 0.7094969910711699 3.0 0.0
0.1 -2.9432715523300033 0.5806484041525756 3.0 0.0
0.1 -2.9659552342137427 0.45067676736226736 3.0 0.0
0.1 -2.982902371190997 0.31983346282577485 3.0 0.0
0.1 -2.994080185284815 0.18837155858793542 3.0 0.0
0.1 -2.9994670571424273 0.05654531914622005 3.0 0.0
0.1 -2.9990525678499 -0.07539028633001671 3.0 0.0
0.1 -2.9928375190836753 -0.20718007714322276 3.0 0.0
0.1 -2.9808339315600243 -0.33856915462045156 3.0 0.0
0.1 -2.9630650217854124 -0.46930339512069874 3.0 0.0
0.1 -2.9395651571527397 -0.5991299415432256 3.0 0.0
0.1 -2.9103797894703165 -0.7277976923862266 3.0 0.0
0.1 -2.8755653670521264 -0.8550577874099339 3.0 0.0
0.1 -2.8351892255394127 -0.9806640889648326 3.0 0.0
0.1 -2.789329457664752 -1.10437365805404 3.0 0.0
0.1 -2.738074762210506 -1.225947224209053 3.0 0.0
0.1 -2.681524272453789 -1.3451496482701022 3.0 0.0
0.1 -2.619787364429757 -1.4617503771760032 3.0 0.0
0.1 -2.5529834453840725 -1.575523889883892 3.0 0.0
0.1 -2.4812417228236807 -1.6862501335563984 3.0 0.0
0.1 -2.404700954612625 -1.7937149491725628 3.0 0.0
0.1 -2.3235091805961976 -1.8977104857393783 3.0 0.0
0.1 -2.237823436272542 -1.9980356023027595 3.0 0.0
0.1 -2.1478094490654884 -2.094496256980423 3.0 0.0
0.1 -2.053641317786061 -2.1869058822642393 3.0 0.0
0.1 -1.955501175902631 -2.27508574586617 3.0 0.0
0.1 -1.853578839270998 -2.358865296409861 3.0 0.0
0.1 -1.7480714390057206 -2.4380824932992873 3.0 0.0
0.1 -1.6391830402028 -2.51258412012643 3.0 0.0
0.1 -1.527124247251109 -2.582226081011834 3.0 0.0
0.1 -1.4121117964959926 -2.6468736793048624 3.0 0.0
0.1 -1.2943681370428695 -2.7064018781046117 3.0 0.0
0.1 -1.1741210005115974 -2.760695542097615 3.0 0.0
0.1 -1.0516029605737673 -2.8096496602445806 3.0 0.0
0.1 -0.9270509831248352 -2.8531695488854627 3.0 0.0
0.1 -0.8007059679611197 -2.8911710348700312 3.0 0.0
0.1 -0.6728122828481341 -2.9235806183597335 3.0 0.0
0.1 -0.5436172908814053 -2.95033561498599 3.0 0.0
0.1 -0.413370872053905 -2.971384277089955 3.0 0.0
0.1 -0.2823249399555339 -2.986685893809241 3.0 0.0
0.1 -0.15073295453929986 -2.996210869818053 3.0 0.0
0.1 -0.018849431896665575 -2.9999407825684115 3.0 0.0
0.1 0.113070548009812 -2.9978684179217674 3.0 0.0
0.1 0.24477183470448083 -2.989997784102089 3.0 0.0
0.1 0.3759997006929206 -2.9763441039434326 3.0 0.0
0.1 0.5065003341382118 -2.9569337854469926 3.0 0.0
0.1 0.6360213297661739 -2.931804370704578 3.0 0.0
0.1 0.7643121770501562 -2.9010044632873027 3.0 0.0
0.1 0.8911247447311141 -2.8645936342399256 3.0 0.0
0.1 1.0162137607358832 -2.822642306862673 3.0 0.0
0.1 1.1393372865654143 -2.7752316205033694 3.0 0.0
0.1 1.2602571852354272 -2.722453273623347 3.0 0.0
0.1 1.3787395818644714 -2.6644093464406295 3.0 0.0
0.1 1.49455531601848 -2.6012121034934657 3.0 0.0
0.1 1.6074803849369994 -2.5329837765060392 3.0 0.0
0.1 1.7172963767837817 -2.459856327976351 3.0 0.0
0.1 1.823790893083825 -2.3819711959434997 3.0 0.0
0.1 1.9267579595297613 -2.299479020428043 3.0 0.0
0.1 2.0259984243630806 -2.212539352074515 3.0 0.0
0.1 2.1213203435596513 -2.121320343559634 3.0 0.0
0.1 2.2125393520745282 -2.025998424363066 3.0 0.0
0.1 2.2994790204280555 -1.926757959529746 3.0 0.0
0.1 2.3819711959435117 -1.823790893083809 3.0 0.0
0.1 2.4598563279763637 -1.717296376783763 3.0 0.0
0.1 2.5329837765060517 -1.6074803849369799 3.0 0.0
0.1 2.601212103493477 -1.4945553160184604 3.0 0.0
0.1 2.66440934644064 -1.3787395818644512 3.0 0.0
0.1 2.7224532736233553 -1.2602571852354088 3.0 0.0
0.1 2.7752316205033782 -1.1393372865653935 3.0 0.0
0.1 2.8226423068626803 -1.0162137607358643 3.0 0.0
0.1 2.8645936342399327 -0.8911247447310924 3.0 0.0
0.1 2.9010044632873084 -0.7643121770501342 3.0 0.0
0.1 2.931804370704583 -0.6360213297661517 3.0 0.0
0.1 2.9569337854469966 -0.5065003341381868 3.0 0.0
0.1 2.9763441039434353 -0.3759997006928981 3.0 0.0
0.1 2.989997784102091 -0.24477183470445818 3.0 0.0
0.1 2.9978684179217683 -0.113070548009792 3.0 0.0
0.1 2.9999407825684115 0.018849431896689844 3.0 0.0
0.1 2.996210869818052 0.15073295453932217 3.0 0.0
0.1 2.9866858938092387 0.2823249399555569 3.0 0.0
0.1 2.9713842770899515 0.41337087205392864 3.0 0.0
0.1 2.950335614985986 0.543617290881427 3.0 0.0
0.1 2.923580618359728 0.6728122828481587 3.0 0.0
0.1 2.891171034870026 0.800705967961139 3.0 0.0
0.1 2.8531695488854565 0.927050983124855 3.0 0.0
0.1 2.809649660244572 1.05160296057379 3.0 0.0
0.1 2.7606955420976056 1.1741210005116205 3.0 0.0
0.1 2.706401878104602 1.2943681370428903 3.0 0.0
0.1 2.6468736793048526 1.4121117964960113 3.0 0.0
0.1 2.582226081011823 1.5271242472511277 3.0 0.0
0.1 2.512584120126416 1.6391830402028214 3.0 0.0
0.1 2.4380824932992717 1.748071439005742 3.0 0.0
0.1 2.3588652964098475 1.8535788392710142 3.0 0.0
0.1 2.275085745866156 1.9555011759026475 3.0 0.0
0.1 2.1869058822642238 2.0536413177860773 3.0 0.0
0.1 2.0944962569804066 2.1478094490655044 3.0 0.0
0.1 1.9980356023027424 2.2378234362725578 3.0 0.0
0.1 1.8977104857393603 2.3235091805962123 3.0 0.0
0.1 1.7937149491725424 2.40470095461264 3.0 0.0
0.1 1.6862501335563798 2.481241722823694 3.0 0.0
0.1 1.5755238898838742 2.5529834453840836 3.0 0.0
0.1 1.4617503771759832 2.6197873644297682 3.0 0.0
0.1 1.3451496482700824 2.6815242724537987 3.0 0.0
0.1 1.2259472242090321 2.7380747622105153 3.0 0.0
0.1 1.1043736580540175 2.7893294576647607 3.0 0.0
0.1 0.9806640889648104 2.8351892255394207 3.0 0.0
0.1 0.8550577874099113 2.8755653670521326 3.0 0.0
0.1 0.727797692386204 2.910379789470322 3.0 0.0
0.1 0.5991299415432053 2.939565157152744 3.0 0.0
0.1 0.4693033951206763 2.9630650217854155 3.0 0.0
0.1 0.33856915462042825 2.980833931560027 3.0 0.0
0.1 0.20718007714320008 2.9928375190836767 3.0 0.0
0.1 0.07539028632999395 2.9990525678499003 3.0 0.0
0.1 -0.05654531914624347 2.9994670571424265 3.0 0.0
0.1 -0.18837155858795882 2.9940801852848136 3.0 0.0
0.1 -0.3198334628257955 2.982902371190995 3.0 0.0
0.1 -0.45067676736228723 2.9659552342137396 3.0 0.0
0.1 -0.5806484041525986 2.943271552329999 3.0 0.0
0.1 -0.7094969910711915 2.9148951987440177 3.0 0.0
0.1 -0.8369733181177053 2.880881057030824 3.0 0.0
0.1 -0.9628308294216463 2.8412949149842266 3.0 0.0
0.1 -1.086826100113655 2.796213337374626 3.0 0.0
0.1 -1.2087193071410065 2.7457235178627446 3.0 0.0
0.1 -1.328274693116723 2.689923110355698 3.0 0.0
0.1 -1.4452610223051614 2.628920040131582 3.0 0.0
0.1 -1.5594520278621435 2.5628322950978766 3.0 0.0
0.1 -1.6706268494645795 2.4917876975874274 3.0 0.0
0.1 -1.7785704604831936 2.415923657133354 3.0 0.0
0.1 -1.8830740838721167 2.335386904701058 3.0 0.0
0.1 -1.983935595970971 2.250333208891365 3.0 0.0
0.1 -2.0809599174384297 2.1609270746637064 3.0 0.0
0.1 -2.1739593905611523 2.0673414251620326 3.0 0.0
0.1 -2.262754142208324 1.9697572672588552 3.0 0.0
0.1 -2.347172431729777 1.8683633414643221 3.0 0.0
0.1 -2.427050983124852 1.7633557568774059 3.0 0.0
0.1 -2.5022353008395215 1.6549376118852788 3.0 0.0
0.1 -2.5725799685809627 1.5433186013445095 3.0 0.0
0.1 -2.637948930571673 1.42871461100381 3.0 0.0
0.1 -2.6982157546991155 1.3113472999527938 3.0 0.0
0.1 -2.7532638770519444 1.1914436719043393 3.0 0.0
0.1 -2.802986827369836 1.0692356361397524 3.0 0.0
0.1 -2.8472884349708827 0.9449595589659173 3.0 0.0
0.1 -2.886083014758256 0.8188558065519815 3.0 0.0
0.1 -2.9192955329463777 0.6911682800297805 3.0 0.0
0.1 -2.946861752186064 0.5621439437571855 3.0 0.0
0.1 -2.9687283558079507 0.432032347656771 3.0 0.0
0.1 -2.984853050943899 0.30108514455366214 3.0 0.0
0.1 -2.995204650326924 0.16955560344609266 3.0 0.0
0.1 -2.999763132611448 0.037698119650079825 3.0 0.0
0.1 -2.9985196810971955 -0.09423227723436 3.0 0.0
0.1 -2.991476700781844 -0.22598041658376916 3.0 0.0
0.1 -2.9786478137094448 -0.3572914802845788 3.0 0.0
0.1 -2.96005783262361 -0.48791149558461644 3.0 0.0
0.1 -2.935742712976424 -0.6175878263096084 3.0 0.0
0.1 -2.9057494833859034 -0.746069661494525 3.0 0.0
0.1 -2.8701361546765036 -0.8731085004847752 3.0 0.0
0.1 -2.8289716076786084 -0.9984586335689174 3.0 0.0
0.1 -2.782335460004002 -1.1218776172133569 3.0 0.0
0.1 -2.730317912055008 -1.243126742979806 3.0 0.0
0.1 -2.673019572565128 -1.3619714992185925 3.0 0.0
0.1 -2.610551264008605 -1.4781820246448254 3.0 0.0
0.1 -2.5430338082552812 -1.591533552920152 3.0 0.0
0.1 -2.4705977928853176 -1.7018068473802184 3.0 0.0
0.1 -2.3933833186157525 -1.808788625067022 3.0 0.0
0.1 -2.3115397283274093 -1.9122719692460186 3.0 0.0
0.1 -2.2252253182162653 -2.0120567296101073 3.0 0.0
0.1 -2.134607031627906 -2.107949909396497 3.0 0.0
0.1 -2.039860136167314 -2.1997660386676277 3.0 0.0
0.1 -1.9411678847083915 -2.2873275330342935 3.0 0.0
0.1 -1.8387211609589946 -2.370465037127021 3.0 0.0
0.1 -1.7327181102668683 -2.4490177521515055 3.0 0.0
0.1 -1.6233637563807015 -2.5228337468944595 3.0 0.0
0.1 -1.5108696049073567 -2.591770251578463 3.0 0.0
0.1 -1.395453234232456 -2.6556939339973233 3.0 0.0
0.1 -1.2773378746953008 -2.714481157398019 3.0 0.0
0.1 -1.1567519768322794 -2.768018219610307 3.0 0.0
0.1 -1.0339287695236425 -2.816201572961589 3.0 0.0
0.1 -0.9091058088984201 -2.8589380245516254 3.0 0.0
0.1 -0.7825245188697905 -2.8961449164997948 3.0 0.0
0.1 -0.6544297241897338 -2.9277502858162183 3.0 0.0
0.1 -0.5250691769259354 -2.9536930035875972 3.0 0.0
0.1 -0.394693077276961 -2.973922893208505 3.0 0.0
0.1 -0.26355358965234377 -2.988400827429507 3.0 0.0
0.1 -0.13190435495371483 -2.9970988040343687 3.0 0.0
0.1 -1.2045517771913323e-13 -3.0 3.0 0.0
0.1 0.13190435495346883 -2.99709880403438 3.0 0.0
0.1 0.2635535896521038 -2.9884008274295284 3.0 0.0
0.1 0.3946930772767169 -2.9739228932085373 3.0 0.0
0.1 0.5250691769256982 -2.9536930035876394 3.0 0.0
0.1 0.6544297241894934 -2.9277502858162725 3.0 0.0
0.1 0.7825245188695578 -2.896144916499858 3.0 0.0
0.1 0.9091058088981854 -2.8589380245517 3.0 0.0
0.1 1.0339287695234165 -2.816201572961672 3.0 0.0
0.1 1.156751976832052 -2.768018219610402 3.0 0.0
0.1 1.277337874695083 -2.7144811573981222 3.0 0.0
0.1 1.395453234232238 -2.655693933997438 3.0 0.0
0.1 1.5108696049071484 -2.591770251578584 3.0 0.0
0.1 1.6233637563804924 -2.522833746894594 3.0 0.0
0.1 1.7327181102666716 -2.4490177521516445 3.0 0.0
0.1 1.838721160958798 -2.370465037127173 3.0 0.0
0.1 1.941167884708206 -2.287327533034451 3.0 0.0
0.1 2.0398601361671314 -2.1997660386677973 3.0 0.0
0.1 2.134607031627737 -2.1079499093966687 3.0 0.0
0.1 2.2252253182160984 -2.012056729610292 3.0 0.0
0.1 2.311539728327256 -1.9122719692462045 3.0 0.0
0.1 2.3933833186156024 -1.8087886250672205 3.0 0.0
0.1 2.4705977928851794 -1.7018068473804187 3.0 0.0
0.1 2.5430338082551494 -1.5915335529203627 3.0 0.0
0.1 2.610551264008485 -1.4781820246450375 3.0 0.0
0.1 2.673019572565015 -1.3619714992188143 3.0 0.0
0.1 2.730317912054907 -1.243126742980028 3.0 0.0
0.1 2.782335460003909 -1.1218776172135878 3.0 0.0
0.1 2.828971607678527 -0.998458633569147 3.0 0.0
0.1 2.8701361546764312 -0.8731085004850133 3.0 0.0
0.1 2.9057494833858426 -0.7460696614947622 3.0 0.0
0.1 2.9357427129763725 -0.6175878263098519 3.0 0.0
0.1 2.96005783262357 -0.4879114955848581 3.0 0.0
0.1 2.978647813709415 -0.35729148028482594 3.0 0.0
0.1 2.9914767007818255 -0.22598041658401335 3.0 0.0
0.1 2.9985196810971875 -0.09423227723460878 3.0 0.0
0.1 2.999763132611451 0.03769811964983605 3.0 0.0
0.1 2.9952046503269383 0.169555603445846 3.0 0.0
0.1 2.984853050943923 0.3010851445534184 3.0 0.0
0.1 2.968728355807986 0.43203234765652526 3.0 0.0
0.1 2.94686175218611 0.562143943756945 3.0 0.0
0.1 2.919295532946435 0.691168280029539 3.0 0.0
0.1 2.8860830147583227 0.8188558065517462 3.0 0.0
0.1 2.847288434970961 0.9449595589656821 3.0 0.0
0.1 2.8029868273699234 1.0692356361395239 3.0 0.0
0.1 2.753263877052043 1.191443671904112 3.0 0.0
0.1 2.6982157546992225 1.311347299952574 3.0 0.0
0.1 2.6379489305717905 1.4287146110035922 3.0 0.0
0.1 2.5725799685810884 1.5433186013443 3.0 0.0
0.1 2.502235300839658 1.6549376118850723 3.0 0.0
0.1 2.427050983124996 1.7633557568772078 3.0 0.0
0.1 2.347172431729931 1.868363341464128 3.0 0.0
0.1 2.262754142208487 1.969757267258668 3.0 0.0
0.1 2.173959390561328 2.067341425161848 3.0 0.0
0.1 2.0809599174386113 2.1609270746635314 3.0 0.0
0.1 1.983935595971165 2.2503332088911945 3.0 0.0
0.1 1.8830740838723177 2.3353869047008957 3.0 0.0
0.1 1.7785704604834072 2.415923657133197 3.0 0.0
0.1 1.6706268494647998 2.49178769758728 3.0 0.0
0.1 1.5594520278623762 2.562832295097735 3.0 0.0
0.1 1.4452610223053994 2.628920040131451 3.0 0.0
0.1 1.3282746931169696 2.6899231103555765 3.0 0.0
0.1 1.208719307141258 2.7457235178626336 3.0 0.0
0.1 1.086826100113918 2.7962133373745237 3.0 0.0
0.1 0.9628308294219129 2.8412949149841364 3.0 0.0
0.1 0.8369733181179826 2.8808810570307437 3.0 0.0
0.1 0.7094969910714714 2.9148951987439493 3.0 0.0
0.1 0.5806484041528871 2.943271552329942 3.0 0.0
0.1 0.45067676736257933 2.9659552342136952 3.0 0.0
0.1 0.3198334628260959 2.9829023711909626 3.0 0.0
0.1 0.18837155858825705 2.994080185284795 3.0 0.0
0.1 0.0565453191465482 2.9994670571424207 3.0 0.0
0.1 -0.07539028632968925 2.9990525678499083 3.0 0.0
0.1 -0.2071800771428887 2.9928375190836984 3.0 0.0
0.1 -0.3385691546201181 2.9808339315600625 3.0 0.0
0.1 -0.46930339512036146 2.9630650217854657 3.0 0.0
0.1 -0.5991299415428937 2.939565157152807 3.0 0.0
0.1 -0.7277976923858915 2.9103797894704004 3.0 0.0
0.1 -0.8550577874096026 2.8755653670522245 3.0 0.0
0.1 -0.9806640889645003 2.8351892255395277 3.0 0.0
0.1 -1.1043736580537125 2.7893294576648815 3.0 0.0
0.1 -1.225947224208726 2.738074762210652 3.0 0.0
0.1 -1.3451496482697833 2.6815242724539488 3.0 0.0
0.1 -1.4617503771756846 2.6197873644299348 3.0 0.0
0.1 -1.5755238898835837 2.5529834453842626 3.0 0.0
0.1 -1.6862501335560913 2.4812417228238894 3.0 0.0
0.1 -1.7937149491722664 2.4047009546128466 3.0 0.0
0.1 -1.8977104857390876 2.323509180596435 3.0 0.0
0.1 -1.9980356023024801 2.2378234362727913 3.0 0.0
0.1 -2.0944962569801495 2.147809449065755 3.0 0.0
0.1 -2.1869058822639786 2.0536413177863384 3.0 0.0
0.1 -2.2750857458659173 1.955501175902925 3.0 0.0
0.1 -2.3588652964096224 1.8535788392713015 3.0 0.0
0.1 -2.438082493299057 1.7480714390060426 3.0 0.0
0.1 -2.5125841201262142 1.6391830402031302 3.0 0.0
0.1 -2.5822260810116315 1.5271242472514504 3.0 0.0
0.1 -2.646873679304676 1.4121117964963428 3.0 0.0
0.1 -2.706401878104437 1.2943681370432347 3.0 0.0
0.1 -2.7606955420974555 1.1741210005119724 3.0 0.0
0.1 -2.809649660244436 1.051602960574154 3.0 0.0
0.1 -2.8531695488853366 0.9270509831252252 3.0 0.0
0.1 -2.89117103486992 0.80070596796152 3.0 0.0
0.1 -2.92358061835964 0.6728122828485417 3.0 0.0
0.1 -2.9503356149859137 0.5436172908818192 3.0 0.0
0.1 -2.9713842770898964 0.4133708720543245 3.0 0.0
0.1 -2.9866858938092005 0.28232493995596086 3.0 0.0
0.1 -2.9962108698180314 0.1507329545397281 3.0 0.0
0.1 -2.999940782568409 0.018849431897102364 3.0 0.0
0.1 -2.997868417921784 -0.11307054800937817 3.0 0.0
0.1 -2.989997784102125 -0.2447718347040428 3.0 0.0
0.1 -2.9763441039434877 -0.3759997006924846 3.0 0.0
0.1 -2.9569337854470676 -0.5065003341377708 3.0 0.0
0.1 -2.931804370704673 -0.6360213297657366 3.0 0.0
0.1 -2.9010044632874177 -0.7643121770497183 3.0 0.0
0.1 -2.8645936342400606 -0.8911247447306818 3.0 0.0
0.1 -2.822642306862828 -1.016213760735452 3.0 0.0
0.1 -2.7752316205035448 -1.1393372865649882 3.0 0.0
0.1 -2.722453273623542 -1.2602571852350064 3.0 0.0
0.1 -2.6644093464408414 -1.3787395818640622 3.0 0.0
0.1 -2.601212103493698 -1.4945553160180758 3.0 0.0
0.1 -2.53298377650629 -1.6074803849366033 3.0 0.0
0.1 -2.459856327976622 -1.717296376783393 3.0 0.0
0.1 -2.3819711959437875 -1.823790893083448 3.0 0.0
0.1 -2.2994790204283504 -1.9267579595293935 3.0 0.0
0.1 -2.2125393520748386 -2.0259984243627276 3.0 0.0
0.1 -2.121320343559978 -2.121320343559307 3.0 0.0
0.1 -2.0259984243634235 -2.212539352074201 3.0 0.0
0.1 -1.9267579595301214 -2.2994790204277407 3.0 0.0
0.1 -1.823790893084198 -2.3819711959432137 3.0 0.0
0.1 -1.7172963767841714 -2.4598563279760786 3.0 0.0
0.1 -1.6074803849374006 -2.5329837765057843 3.0 0.0
0.1 -1.4945553160188991 -2.601212103493225 3.0 0.0
0.1 -1.3787395818649006 -2.664409346440407 3.0 0.0
0.1 -1.2602571852358706 -2.7224532736231417 3.0 0.0
0.1 -1.139337286565864 -2.775231620503185 3.0 0.0
0.1 -1.016213760736348 -2.8226423068625057 3.0 0.0
0.1 -0.8911247447315859 -2.864593634239779 3.0 0.0
0.1 -0.7643121770506391 -2.901004463287175 3.0 0.0
0.1 -0.6360213297666619 -2.931804370704472 3.0 0.0
0.1 -0.5065003341387093 -2.9569337854469073 3.0 0.0
0.1 -0.37599970069342403 -2.976344103943369 3.0 0.0
0.1 -0.2447718347049918 -2.989997784102047 3.0 0.0
0.1 -0.11307054801032433 -2.997868417921748 3.0 0.0
0.1 0.018849431896150227 -2.9999407825684146 3.0 0.0
0.1 0.1507329545387825 -2.996210869818079 3.0 0.0
0.1 0.2823249399550129 -2.98668589380929 3.0 0.0
0.1 0.41337087205338663 -2.971384277090027 3.0 0.0
0.1 0.5436172908808828 -2.9503356149860864 3.0 0.0
0.1 0.6728122828476188 -2.9235806183598525 3.0 0.0
0.1 0.8007059679606024 -2.8911710348701742 3.0 0.0
0.1 0.9270509831243272 -2.853169548885628 3.0 0.0
0.1 1.0516029605732697 -2.809649660244767 3.0 0.0
0.1 1.1741210005111036 -2.7606955420978254 3.0 0.0
0.1 1.294368137042383 -2.7064018781048444 3.0 0.0
0.1 1.4121117964955143 -2.6468736793051177 3.0 0.0
0.1 1.5271242472506377 -2.5822260810121125 3.0 0.0
0.1 1.6391830402023393 -2.5125841201267303 3.0 0.0
0.1 1.7480714390052738 -2.4380824932996075 3.0 0.0
0.1 1.8535788392705634 -2.358865296410202 3.0 0.0
0.1 1.955501175902208 -2.2750857458665337 3.0 0.0
0.1 2.05364131778565 -2.1869058822646252 3.0 0.0
0.1 2.1478094490650954 -2.0944962569808263 3.0 0.0
0.1 2.2378234362721665 -1.9980356023031807 3.0 0.0
0.1 2.3235091805958366 -1.8977104857398195 3.0 0.0
0.1 2.4047009546122817 -1.793714949173023 3.0 0.0
0.1 2.4812417228233583 -1.6862501335568734 3.0 0.0
0.1 2.5529834453837696 -1.5755238898843826 3.0 0.0
0.1 2.619787364429474 -1.4617503771765104 3.0 0.0
0.1 2.681524272453525 -1.345149648270627 3.0 0.0
0.1 2.7380747622102657 -1.2259472242095888 3.0 0.0
0.1 2.7893294576645355 -1.104373658054586 3.0 0.0
0.1 2.8351892255392186 -0.9806640889653939 3.0 0.0
0.1 2.8755653670519554 -0.8550577874105082 3.0 0.0
0.1 2.910379789470171 -0.7277976923868094 3.0 0.0
0.1 2.93956515715262 -0.5991299415438142 3.0 0.0
0.1 2.963065021785318 -0.46930339512129593 3.0 0.0
0.1 2.9808339315599555 -0.3385691546210575 3.0 0.0
0.1 2.992837519083633 -0.2071800771438326 3.0 0.0
0.1 2.9990525678498843 -0.07539028633062646 3.0 0.0
0.1 2.999467057142439 0.05654531914560399 3.0 0.0
0.1 3.0 0.0 3.0 0.0
0.1 2.997098804034374 0.13190435495359473 3.0 0.0
0.1 2.9884008274295173 0.2635535896522295 3.0 0.0
0.1 2.9739228932085195 0.39469307727684744 3.0 0.0
0.1 2.953693003587616 0.5250691769258282 3.0 0.0
0.1 2.9277502858162423 0.6544297241896276 3.0 0.0
0.1 2.8961449164998214 0.7825245188696908 3.0 0.0
0.1 2.8589380245516565 0.9091058088983219 3.0 0.0
0.1 2.816201572961622 1.033928769523551 3.0 0.0
0.1 2.7680182196103447 1.1567519768321894 3.0 0.0
0.1 2.7144811573980587 1.277337874695218 3.0 0.0
0.1 2.655693933997366 1.3954532342323747 3.0 0.0
0.1 2.591770251578506 1.5108696049072825 3.0 0.0
0.1 2.5228337468945075 1.623363756380627 3.0 0.0
0.1 2.449017752151552 1.7327181102668026 3.0 0.0
0.1 2.370465037127071 1.8387211609589293 3.0 0.0
0.1 2.287327533034343 1.941167884708333 3.0 0.0
0.1 2.19976603866768 2.039860136167258 3.0 0.0
0.1 2.107949909396547 2.1346070316278563 3.0 0.0
0.1 2.0120567296101597 2.225225318216218 3.0 0.0
0.1 1.9122719692460688 2.311539728327368 3.0 0.0
0.1 1.8087886250670735 2.3933833186157134 3.0 0.0
0.1 1.701806847380269 2.4705977928852825 3.0 0.0
0.1 1.5915335529202015 2.54303380825525 3.0 0.0
0.1 1.4781820246448736 2.6105512640085777 3.0 0.0
0.1 1.3619714992186394 2.673019572565104 3.0 0.0
0.1 1.2431267429798516 2.7303179120549874 3.0 0.0
0.1 1.1218776172134004 2.782335460003984 3.0 0.0
0.1 0.9984586335689594 2.828971607678594 3.0 0.0
0.1 0.8731085004848147 2.8701361546764916 3.0 0.0
0.1 0.7460696614945637 2.9057494833858937 3.0 0.0
0.1 0.6175878263096427 2.9357427129764164 3.0 0.0
0.1 0.48791149558464986 2.9600578326236047 3.0 0.0
0.1 0.3572914802846071 2.978647813709441 3.0 0.0
0.1 0.22598041658379692 2.991476700781842 3.0 0.0
0.1 0.09423227723438318 2.9985196810971946 3.0 0.0
0.1 -0.037698119650059286 2.9997631326114482 3.0 0.0
0.1 -0.1695556034460755 2.995204650326925 3.0 0.0
0.1 -0.30108514455364566 2.9848530509439004 3.0 0.0
0.1 -0.43203234765675924 2.9687283558079525 3.0 0.0
0.1 -0.5621439437571758 2.9468617521860656 3.0 0.0
0.1 -0.691168280029774 2.9192955329463794 3.0 0.0
0.1 -0.8188558065519784 2.886083014758257 3.0 0.0
0.1 -0.9449595589659168 2.8472884349708827 3.0 0.0
0.1 -1.0692356361397544 2.8029868273698355 3.0 0.0
0.1 -1.1914436719043437 2.7532638770519426 3.0 0.0
0.1 -1.3113472999528017 2.6982157546991115 3.0 0.0
0.1 -1.42871461100382 2.6379489305716675 3.0 0.0
0.1 -1.543318601344522 2.572579968580955 3.0 0.0
0.1 -1.6549376118852939 2.5022353008395113 3.0 0.0
0.1 -1.7633557568774214 2.427050983124841 3.0 0.0
0.1 -1.8683633414643404 2.347172431729762 3.0 0.0
0.1 -1.969757267258871 2.26275414220831 3.0 0.0
0.1 -2.0673414251620477 2.1739593905611376 3.0 0.0
0.1 -2.160927074663723 2.080959917438413 3.0 0.0
0.1 -2.250333208891381 1.9839355959709524 3.0 0.0
0.1 -2.3353869047010716 1.8830740838720994 3.0 0.0
0.1 -2.415923657133368 1.778570460483175 3.0 0.0
0.1 -2.4917876975874407 1.6706268494645602 3.0 0.0
0.1 -2.5628322950978877 1.5594520278621247 3.0 0.0
0.1 -2.628920040131592 1.4452610223051434 3.0 0.0
0.1 -2.6899231103557093 1.3282746931167009 3.0 0.0
0.1 -2.7457235178627544 1.2087193071409832 3.0 0.0
0.1 -2.796213337374634 1.086826100113635 3.0 0.0
0.1 -2.8412949149842346 0.9628308294216239 3.0 0.0
0.1 -2.8808810570308303 0.8369733181176835 3.0 0.0
0.1 -2.914895198744023 0.7094969910711699 3.0 0.0
0.1 -2.9432715523300033 0.5806484041525756 3.0 0.0
0.1 -2.9659552342137427 0.45067676736226736 3.0 0.0
0.1 -2.982902371190997 0.31983346282577485 3.0 0.0
0.1 -2.994080185284815 0.18837155858793542 3.0 0.0
0.1 -2.9994670571424273 0.05654531914622005 3.0 0.0
0.1 -2.9990525678499 -0.07539028633001671 3.0 0.0
0.1 -2.9928375190836753 -0.20718007714322276 3.0 0.0
0.1 -2.9808339315600243 -0.33856915462045156 3.0 0.0
0.1 -2.9630650217854124 -0.46930339512069874 3.0 0.0
0.1 -2.9395651571527397 -0.5991299415432256 3.0 0.0
0.1 -2.9103797894703165 -0.7277976923862266 3.0 0.0
0.1 -2.8755653670521264 -0.8550577874099339 3.0 0.0
0.1 -2.8351892255394127 -0.9806640889648326 3.0 0.0
0.1 -2.789329457664752 -1.10437365805404 3.0 0.0
0.1 -2.738074762210506 -1.225947224209053 3.0 0.0
0.1 -2.681524272453789 -1.3451496482701022 3.0 0.0
0.1 -2.619787364429757 -1.4617503771760032 3.0 0.0
0.1 -2.5529834453840725 -1.575523889883892 3.0 0.0
0.1 -2.4812417228236807 -1.6862501335563984 3.0 0.0
0.1 -2.404700954612625 -1.7937149491725628 3.0 0.0
0.1 -2.3235091805961976 -1.8977104857393783 3.0 0.0
0.1 -2.237823436272542 -1.9980356023027595 3.0 0.0
0.1 -2.1478094490654884 -2.094496256980423 3.0 0.0
0.1 -2.053641317786061 -2.1869058822642393 3.0 0.0
0.1 -1.955501175902631 -2.27508574586617 3.0 0.0
0.1 -1.853578839270998 -2.358865296409861 3.0 0.0
0.1 -1.7480714390057206 -2.4380824932992873 3.0 0.0
0.1 -1.6391830402028 -2.51258412012643 3.0 0.0
0.1 -1.527124247251109 -2.582226081011834 3.0 0.0
0.1 -1.4121117964959926 -2.6468736793048624 3.0 0.0
0.1 -1.2943681370428695 -2.7064018781046117 3.0 0.0
0.1 -1.1741210005115974 -2.760695542097615 3.0 0.0
0.1 -1.0516029605737673 -2.8096496602445806 3.0 0.0
0.1 -0.9270509831248352 -2.8531695488854627 3.0 0.0
0.1 -0.8007059679611197 -2.8911710348700312 3.0 0.0
0.1 -0.6728122828481341 -2.9235806183597335 3.0 0.0
0.1 -0.5436172908814053 -2.95033561498599 3.0 0.0
0.1 -0.413370872053905 -2.971384277089955 3.0 0.0
0.1 -0.2823249399555339 -2.986685893809241 3.0 0.0
0.1 -0.15073295453929986 -2.996210869818053 3.0 0.0
0.1 -0.018849431896665575 -2.9999407825684115 3.0 0.0
0.1 0.113070548009812 -2.9978684179217674 3.0 0.0
0.1 0.24477183470448083 -2.989997784102089 3.0 0.0
0.1 0.3759997006929206 -2.9763441039434326 3.0 0.0
0.1 0.5065003341382118 -2.9569337854469926 3.0 0.0
0.1 0.6360213297661739 -2.931804370704578 3.0 0.0
0.1 0.7643121770501562 -2.9010044632873027 3.0 0.0
0.1 0.8911247447311141 -2.8645936342399256 3.0 0.0
0.1 1.0162137607358832 -2.822642306862673 3.0 0.0
0.1 1.1393372865654143 -2.7752316205033694 3.0 0.0
0.1 1.2602571852354272 -2.722453273623347 3.0 0.0
0.1 1.3787395818644714 -2.6644093464406295 3.0 0.0
0.1 1.49455531601848 -2.6012121034934657 3.0 0.0
0.1 1.6074803849369994 -2.5329837765060392 3.0 0.0
0.1 1.7172963767837817 -2.459856327976351 3.0 0.0
0.1 1.823790893083825 -2.3819711959434997 3.0 0.0
0.1 1.9267579595297613 -2.299479020428043 3.0 0.0
0.1 2.0259984243630806 -2.212539352074515 3.0 0.0
0.1 2.1213203435596513 -2.121320343559634 3.0 0.0
0.1 2.2125393520745282 -2.025998424363066 3.0 0.0
0.1 2.2994790204280555 -1.926757959529746 3.0 0.0
0.1 2.3819711959435117 -1.823790893083809 3.0 0.0
0.1 2.4598563279763637 -1.717296376783763 3.0 0.0
0.1 2.5329837765060517 -1.6074803849369799 3.0 0.0
0.1 2.601212103493477 -1.4945553160184604 3.0 0.0
0.1 2.66440934644064 -1.3787395818644512 3.0 0.0
0.1 2.7224532736233553 -1.2602571852354088 3.0 0.0
0.1 2.7752316205033782 -1.1393372865653935 3.0 0.0
0.1 2.8226423068626803 -1.0162137607358643 3.0 0.0
0.1 2.8645936342399327 -0.8911247447310924 3.0 0.0
0.1 2.9010044632873084 -0.7643121770501342 3.0 0.0
0.1 2.931804370704583 -0.6360213297661517 3.0 0.0
0.1 2.9569337854469966 -0.5065003341381868 3.0 0.0
0.1 2.9763441039434353 -0.3759997006928981 3.0 0.0
0.1 2.989997784102091 -0.24477183470445818 3.0 0.0
0.1 2.9978684179217683 -0.113070548009792 3.0 0.0
0.1 2.9999407825684115 0.018849431896689844 3.0 0.0
0.1 2.996210869818052 0.15073295453932217 3.0 0.0
0.1 2.9866858938092387 0.2823249399555569 3.0 0.0
0.1 2.9713842770899515 0.41337087205392864 3.0 0.0
0.1 2.950335614985986 0.543617290881427 3.0 0.0
0.1 2.923580618359728 0.6728122828481587 3.0 0.0
0.1 2.891171034870026 0.800705967961139 3.0 0.0
0.1 2.8531695488854565 0.927050983124855 3.0 0.0
0.1 2.809649660244572 1.05160296057379 3.0 0.0
0.1 2.7606955420976056 1.1741210005116205 3.0 0.0
0.1 2.706401878104602 1.2943681370428903 3.0 0.0
0.1 2.6468736793048526 1.4121117964960113 3.0 0.0
0.1 2.582226081011823 1.5271242472511277 3.0 0.0
0.1 2.512584120126416 1.6391830402028214 3.0 0.0
0.1 2.4380824932992717 1.748071439005742 3.0 0.0
0.1 2.3588652964098475 1.8535788392710142 3.0 0.0
0.1 2.275085745866156 1.9555011759026475 3.0 0.0
0.1 2.1869058822642238 2.0536413177860773 3.0 0.0
0.1 2.0944962569804066 2.1478094490655044 3.0 0.0
0.1 1.9980356023027424 2.2378234362725578 3.0 0.0
0.1 1.8977104857393603 2.3235091805962123 3.0 0.0
0.1 1.7937149491725424 2.40470095461264 3.0 0.0
0.1 1.6862501335563798 2.481241722823694 3.0 0.0
0.1 1.5755238898838742 2.5529834453840836 3.0 0.0
0.1 1.4617503771759832 2.6197873644297682 3.0 0.0
0.1 1.3451496482700824 2.6815242724537987 3.0 0.0
0.1 1.2259472242090321 2.7380747622105153 3.0 0.0
0.1 1.1043736580540175 2.7893294576647607 3.0 0.0
0.1 0.9806640889648104 2.8351892255394207 3.0 0.0
0.1 0.8550577874099113 2.8755653670521326 3.0 0.0
0.1 0.727797692386204 2.910379789470322 3.0 0.0
0.1 0.5991299415432053 2.939565157152744 3.0 0.0
0.1 0.4693033951206763 2.9630650217854155 3.0 0.0
0.1 0.33856915462042825 2.980833931560027 3.0 0.0
0.1 0.20718007714320008 2.9928375190836767 3.0 0.0
0.1 0.07539028632999395 2.9990525678499003 3.0 0.0
0.1 -0.05654531914624347 2.9994670571424265 3.0 0.0
0.1 -0.18837155858795882 2.9940801852848136 3.0 0.0
0.1 -0.3198334628257955 2.982902371190995 3.0 0.0
0.1 -0.45067676736228723 2.9659552342137396 3.0 0.0
0.1 -0.5806484041525986 2.943271552329999 3.0 0.0
0.1 -0.7094969910711915 2.9148951987440177 3.0 0.0
0.1 -0.8369733181177053 2.880881057030824 3.0 0.0
0.1 -0.9628308294216463 2.8412949149842266 3.0 0.0
0.1 -1.086826100113655 2.796213337374626 3.0 0.0
0.1 -1.2087193071410065 2.7457235178627446 3.0 0.0
0.1 -1.328274693116723 2.689923110355698 3.0 0.0
0.1 -1.4452610223051614 2.628920040131582 3.0 0.0
0.1 -1.5594520278621435 2.5628322950978766 3.0 0.0
0.1 -1.6706268494645795 2.4917876975874274 3.0 0.0
0.1 -1.7785704604831936 2.415923657133354 3.0 0.0
0.1 -1.8830740838721167 2.335386904701058 3.0 0.0
0.1 -1.983935595970971 2.250333208891365 3.0 0.0
0.1 -2.0809599174384297 2.1609270746637064 3.0 0.0
0.1 -2.1739593905611523 2.0673414251620326 3.0 0.0
0.1 -2.262754142208324 1.9697572672588552 3.0 0.0
0.1 -2.347172431729777 1.8683633414643221 3.0 0.0
0.1 -2.427050983124852 1.7633557568774059 3.0 0.0
0.1 -2.5022353008395215 1.6549376118852788 3.0 0.0
0.1 -2.5725799685809627 1.5433186013445095 3.0 0.0
0.1 -2.637948930571673 1.42871461100381 3.0 0.0
0.1 -2.6982157546991155 1.3113472999527938 3.0 0.0
0.1 -2.7532638770519444 1.1914436719043393 3.0 0.0
0.1 -2.802986827369836 1.0692356361397524 3.0 0.0
0.1 -2.8472884349708827 0.9449595589659173 3.0 0.0
0.1 -2.886083014758256 0.8188558065519815 3.0 0.0
0.1 -2.9192955329463777 0.6911682800297805 3.0 0.0
0.1 -2.946861752186064 0.5621439437571855 3.0 0.0
0.1 -2.9687283558079507 0.432032347656771 3.0 0.0
0.1 -2.984853050943899 0.30108514455366214 3.0 0.0
0.1 -2.995204650326924 0.16955560344609266 3.0 0.0
0.1 -2.999763132611448 0.037698119650079825 3.0 0.0
0.1 -2.9985196810971955 -0.09423227723436 3.0 0.0
0.1 -2.991476700781844 -0.22598041658376916 3.0 0.0
0.1 -2.9786478137094448 -0.3572914802845788 3.0 0.0
0.1 -2.96005783262361 -0.48791149558461644 3.0 0.0
0.1 -2.935742712976424 -0.6175878263096084 3.0 0.0
0.1 -2.9057494833859034 -0.746069661494525 3.0 0.0
0.1 -2.8701361546765036 -0.8731085004847752 3.0 0.0
0.1 -2.8289716076786084 -0.9984586335689174 3.0 0.0
0.1 -2.782335460004002 -1.1218776172133569 3.0 0.0
0.1 -2.730317912055008 -1.243126742979806 3.0 0.0
0.1 -2.673019572565128 -1.3619714992185925 3.0 0.0
0.1 -2.610551264008605 -1.4781820246448254 3.0 0.0
0.1 -2.5430338082552812 -1.591533552920152 3.0 0.0
0.1 -2.4705977928853176 -1.7018068473802184 3.0 0.0
0.1 -2.3933833186157525 -1.808788625067022 3.0 0.0
0.1 -2.3115397283274093 -1.9122719692460186 3.0 0.0
0.1 -2.2252253182162653 -2.0120567296101073 3.0 0.0
0.1 -2.134607031627906 -2.107949909396497 3.0 0.0
0.1 -2.039860136167314 -2.1997660386676277 3.0 0.0
0.1 -1.9411678847083915 -2.2873275330342935 3.0 0.0
0.1 -1.8387211609589946 -2.370465037127021 3.0 0.0
0.1 -1.7327181102668683 -2.4490177521515055 3.0 0.0
0.1 -1.6233637563807015 -2.5228337468944595 3.0 0.0
0.1 -1.5108696049073567 -2.591770251578463 3.0 0.0
0.1 -1.395453234232456 -2.6556939339973233 3.0 0.0
0.1 -1.2773378746953008 -2.714481157398019 3.0 0.0
0.1 -1.1567519768322794 -2.768018219610307 3.0 0.0
0.1 -1.0339287695236425 -2.816201572961589 3.0 0.0
0.1 -0.9091058088984201 -2.8589380245516254 3.0 0.0
0.1 -0.7825245188697905 -2.8961449164997948 3.0 0.0
0.1 -0.6544297241897338 -2.9277502858162183 3.0 0.0
0.1 -0.5250691769259354 -2.9536930035875972 3.0 0.0
0.1 -0.394693077276961 -2.973922893208505 3.0 0.0
0.1 -0.26355358965234377 -2.988400827429507 3.0 0.0
0.1 -0.13190435495371483 -2.9970988040343687 3.0 0.0
0.1 -1.2045517771913323e-13 -3.0 3.0 0.0
0.1 0.13190435495346883 -2.99709880403438 3.0 0.0
0.1 0.2635535896521038 -2.9884008274295284 3.0 0.0
0.1 0.3946930772767169 -2.9739228932085373 3.0 0.0
0.1 0.5250691769256982 -2.9536930035876394 3.0 0.0
0.1 0.6544297241894934 -2.9277502858162725 3.0 0.0
0.1 0.7825245188695578 -2.896144916499858 3.0 0.0
0.1 0.9091058088981854 -2.8589380245517 3.0 0.0
0.1 1.0339287695234165 -2.816201572961672 3.0 0.0
0.1 1.156751976832052 -2.768018219610402 3.0 0.0
0.1 1.277337874695083 -2.7144811573981222 3.0 0.0
0.1 1.395453234232238 -2.655693933997438 3.0 0.0
0.1 1.5108696049071484 -2.591770251578584 3.0 0.0
0.1 1.6233637563804924 -2.522833746894594 3.0 0.0
0.1 1.7327181102666716 -2.4490177521516445 3.0 0.0
0.1 1.838721160958798 -2.370465037127173 3.0 0.0
0.1 1.941167884708206 -2.287327533034451 3.0 0.0
0.1 2.0398601361671314 -2.1997660386677973 3.0 0.0
0.1 2.134607031627737 -2.1079499093966687 3.0 0.0
0.1 2.2252253182160984 -2.012056729610292 3.0 0.0
0.1 2.311539728327256 -1.9122719692462045 3.0 0.0
0.1 2.3933833186156024 -1.8087886250672205 3.0 0.0
0.1 2.4705977928851794 -1.7018068473804187 3.0 0.0
0.1 2.5430338082551494 -1.5915335529203627 3.0 0.0
0.1 2.610551264008485 -1.4781820246450375 3.0 0.0
0.1 2.673019572565015 -1.3619714992188143 3.0 0.0
0.1 2.730317912054907 -1.243126742980028 3.0 0.0
0.1 2.782335460003909 -1.1218776172135878 3.0 0.0
0.1 2.828971607678527 -0.998458633569147 3.0 0.0
0.1 2.8701361546764312 -0.8731085004850133 3.0 0.0
0.1 2.9057494833858426 -0.7460696614947622 3.0 0.0
0.1 2.9357427129763725 -0.6175878263098519 3.0 0.0
0.1 2.96005783262357 -0.4879114955848581 3.0 0.0
0.1 2.978647813709415 -0.35729148028482594 3.0 0.0
0.1 2.9914767007818255 -0.22598041658401335 3.0 0.0
0.1 2.9985196810971875 -0.09423227723460878 3.0 0.0
0.1 2.999763132611451 0.03769811964983605 3.0 0.0
0.1 2.9952046503269383 0.169555603445846 3.0 0.0
0.1 2.984853050943923 0.3010851445534184 3.0 0.0
0.1 2.968728355807986 0.43203234765652526 3.0 0.0
0.1 2.94686175218611 0.562143943756945 3.0 0.0
0.1 2.919295532946435 0.691168280029539 3.0 0.0
0.1 2.8860830147583227 0.8188558065517462 3.0 0.0
0.1 2.847288434970961 0.9449595589656821 3.0 0.0
0.1 2.8029868273699234 1.0692356361395239 3.0 0.0
0.1 2.753263877052043 1.191443671904112 3.0 0.0
0.1 2.6982157546992225 1.311347299952574 3.0 0.0
0.1 2.6379489305717905 1.4287146110035922 3.0 0.0
0.1 2.5725799685810884 1.5433186013443 3.0 0.0
0.1 2.502235300839658 1.6549376118850723 3.0 0.0
0.1 2.427050983124996 1.7633557568772078 3.0 0.0
0.1 2.347172431729931 1.868363341464128 3.0 0.0
0.1 2.262754142208487 1.969757267258668 3.0 0.0
0.1 2.173959390561328 2.067341425161848 3.0 0.0
0.1 2.0809599174386113 2.1609270746635314 3.0 0.0
0.1 1.983935595971165 2.2503332088911945 3.0 0.0
0.1 1.8830740838723177 2.3353869047008957 3.0 0.0
0.1 1.7785704604834072 2.415923657133197 3.0 0.0
0.1 1.6706268494647998 2.49178769758728 3.0 0.0
0.1 1.5594520278623762 2.562832295097735 3.0 0.0
0.1 1.4452610223053994 2.628920040131451 3.0 0.0
0.1 1.3282746931169696 2.6899231103555765 3.0 0.0
0.1 1.208719307141258 2.7457235178626336 3.0 0.0
0.1 1.086826100113918 2.7962133373745237 3.0 0.0
0.1 0.9628308294219129 2.8412949149841364 3.0 0.0
0.1 0.8369733181179826 2.8808810570307437 3.0 0.0
0.1 0.7094969910714714 2.9148951987439493 3.0 0.0
0.1 0.5806484041528871 2.943271552329942 3.0 0.0
0.1 0.45067676736257933 2.9659552342136952 3.0 0.0
0.1 0.3198334628260959 2.9829023711909626 3.0 0.0
0.1 0.18837155858825705 2.994080185284795 3.0 0.0
0.1 0.0565453191465482 2.9994670571424207 3.0 0.0
0.1 -0.07539028632968925 2.9990525678499083 3.0 0.0
0.1 -0.2071800771428887 2.9928375190836984 3.0 0.0
0.1 -0.3385691546201181 2.9808339315600625 3.0 0.0
0.1 -0.46930339512036146 2.9630650217854657 3.0 0.0
0.1 -0.5991299415428937 2.939565157152807 3.0 0.0
0.1 -0.7277976923858915 2.9103797894704004 3.0 0.0
0.1 -0.8550577874096026 2.8755653670522245 3.0 0.0
0.1 -0.9806640889645003 2.8351892255395277 3.0 0.0
0.1 -1.1043736580537125 2.7893294576648815 3.0 0.0
0.1 -1.225947224208726 2.738074762210652 3.0 0.0
0.1 -1.3451496482697833 2.6815242724539488 3.0 0.0
0.1 -1.4617503771756846 2.6197873644299348 3.0 0.0
0.1 -1.5755238898835837 2.5529834453842626 3.0 0.0
0.1 -1.6862501335560913 2.4812417228238894 3.0 0.0
0.1 -1.7937149491722664 2.4047009546128466 3.0 0.0
0.1 -1.8977104857390876 2.323509180596435 3.0 0.0
0.1 -1.9980356023024801 2.2378234362727913 3.0 0.0
0.1 -2.0944962569801495 2.147809449065755 3.0 0.0
0.1 -2.1869058822639786 2.0536413177863384 3.0 0.0
0.1 -2.2750857458659173 1.955501175902925 3.0 0.0
0.1 -2.3588652964096224 1.8535788392713015 3.0 0.0
0.1 -2.438082493299057 1.7480714390060426 3.0 0.0
0.1 -2.5125841201262142 1.6391830402031302 3.0 0.0
0.1 -2.5822260810116315 1.5271242472514504 3.0 0.0
0.1 -2.646873679304676 1.4121117964963428 3.0 0.0
0.1 -2.706401878104437 1.2943681370432347 3.0 0.0
0.1 -2.7606955420974555 1.1741210005119724 3.0 0.0
0.1 -2.809649660244436 1.051602960574154 3.0 0.0
0.1 -2.8531695488853366 0.9270509831252252 3.0 0.0
0.1 -2.89117103486992 0.80070596796152 3.0 0.0
0.1 -2.92358061835964 0.6728122828485417 3.0 0.0
0.1 -2.9503356149859137 0.5436172908818192 3.0 0.0
0.1 -2.9713842770898964 0.4133708720543245 3.0 0.0
0.1 -2.9866858938092005 0.28232493995596086 3.0 0.0
0.1 -2.9962108698180314 0.1507329545397281 3.0 0.0
0.1 -2.999940782568409 0.018849431897102364 3.0 0.0
0.1 -2.997868417921784 -0.11307054800937817 3.0 0.0
0.1 -2.989997784102125 -0.2447718347040428 3.0 0.0
0.1 -2.9763441039434877 -0.3759997006924846 3.0 0.0
0.1 -2.9569337854470676 -0.5065003341377708 3.0 0.0
0.1 -2.931804370704673 -0.6360213297657366 3.0 0.0
0.1 -2.9010044632874177 -0.7643121770497183 3.0 0.0
0.1 -2.8645936342400606 -0.8911247447306818 3.0 0.0
0.1 -2.822642306862828 -1.016213760735452 3.0 0.0
0.1 -2.7752316205035448 -1.1393372865649882 3.0 0.0
0.1 -2.722453273623542 -1.2602571852350064 3.0 0.0
0.1 -2.6644093464408414 -1.3787395818640622 3.0 0.0
0.1 -2.601212103493698 -1.4945553160180758 3.0 0.0
0.1 -2.53298377650629 -1.6074803849366033 3.0 0.0
0.1 -2.459856327976622 -1.717296376783393 3.0 0.0
0.1 -2.3819711959437875 -1.823790893083448 3.0 0.0
0.1 -2.2994790204283504 -1.9267579595293935 3.0 0.0
0.1 -2.2125393520748386 -2.0259984243627276 3.0 0.0
0.1 -2.121320343559978 -2.121320343559307 3.0 0.0
0.1 -2.0259984243634235 -2.212539352074201 3.0 0.0
0.1 -1.9267579595301214 -2.2994790204277407 3.0 0.0
0.1 -1.823790893084198 -2.3819711959432137 3.0 0.0
0.1 -1.7172963767841714 -2.4598563279760786 3.0 0.0
0.1 -1.6074803849374006 -2.5329837765057843 3.0 0.0
0.1 -1.4945553160188991 -2.601212103493225 3.0 0.0
0.1 -1.3787395818649006 -2.664409346440407 3.0 0.0
0.1 -1.2602571852358706 -2.7224532736231417 3.0 0.0
0.1 -1.139337286565864 -2.775231620503185 3.0 0.0
0.1 -1.016213760736348 -2.8226423068625057 3.0 0.0
0.1 -0.8911247447315859 -2.864593634239779 3.0 0.0
0.1 -0.7643121770506391 -2.901004463287175 3.0 0.0
0.1 -0.6360213297666619 -2.931804370704472 3.0 0.0
0.1 -0.5065003341387093 -2.9569337854469073 3.0 0.0
0.1 -0.37599970069342403 -2.976344103943369 3.0 0.0
0.1 -0.2447718347049918 -2.989997784102047 3.0 0.0
0.1 -0.11307054801032433 -2.997868417921748 3.0 0.0
0.1 0.018849431896150227 -2.9999407825684146 3.0 0.0
0.1 0.1507329545387825 -2.996210869818079 3.0 0.0
0.1 0.2823249399550129 -2.98668589380929 3.0 0.0
0.1 0.41337087205338663 -2.971384277090027 3.0 0.0
0.1 0.5436172908808828 -2.9503356149860864 3.0 0.0
0.1 0.6728122828476188 -2.9235806183598525 3.0 0.0
0.1 0.8007059679606024 -2.8911710348701742 3.0 0.0
0.1 0.9270509831243272 -2.853169548885628 3.0 0.0
0.1 1.0516029605732697 -2.809649660244767 3.0 0.0
0.1 1.1741210005111036 -2.7606955420978254 3.0 0.0
0.1 1.294368137042383 -2.7064018781048444 3.0 0.0
0.1 1.4121117964955143 -2.6468736793051177 3.0 0.0
0.1 1.5271242472506377 -2.5822260810121125 3.0 0.0
0.1 1.6391830402023393 -2.5125841201267303 3.0 0.0
0.1 1.7480714390052738 -2.4380824932996075 3.0 0.0
0.1 1.8535788392705634 -2.358865296410202 3.0 0.0
0.1 1.955501175902208 -2.2750857458665337 3.0 0.0
0.1 2.05364131778565 -2.1869058822646252 3.0 0.0
0.1 2.1478094490650954 -2.0944962569808263 3.0 0.0
0.1 2.2378234362721665 -1.9980356023031807 3.0 0.0
0.1 2.3235091805958366 -1.8977104857398195 3.0 0.0
0.1 2.4047009546122817 -1.793714949173023 3.0 0.0
0.1 2.4812417228233583 -1.6862501335568734 3.0 0.0
0.1 2.5529834453837696 -1.5755238898843826 3.0 0.0
0.1 2.619787364429474 -1.4617503771765104 3.0 0.0
0.1 2.681524272453525 -1.345149648270627 3.0 0.0
0.1 2.7380747622102657 -1.2259472242095888 3.0 0.0
0.1 2.7893294576645355 -1.104373658054586 3.0 0.0
0.1 2.8351892255392186 -0.9806640889653939 3.0 0.0
0.1 2.8755653670519554 -0.8550577874105082 3.0 0.0
0.1 2.910379789470171 -0.7277976923868094 3.0 0.0
0.1 2.93956515715262 -0.5991299415438142 3.0 0.0
0.1 2.963065021785318 -0.46930339512129593 3.0 0.0
0.1 2.9808339315599555 -0.3385691546210575 3.0 0.0
0.1 2.992837519083633 -0.2071800771438326 3.0 0.0
0.1 2.9990525678498843 -0.07539028633062646 3.0 0.0
0.1 2.999467057142439 0.05654531914560399 3.0 0.0

